road,random--la102,random--la103,random--la108,random--la1017,random--la1018,random--la1020,random--la23,random--la24,random--la210,random--la211,random--la213,random--la214,random--la222,random--la35,random--la36,random--la310,random--la311,random--la318,random--la321,random--la323,random--la44,random--la56,random--la57,random--la58,random--la59,random--la517,random--la518,random--la520,random--la68,random--la614,random--la615,random--la616,random--la621,random--la622,random--la623,random--la625,random--la626,random--la72,random--la74,random--la75,random--la711,random--la716,random--la718,random--la84,random--la85,random--la813,random--la818,random--la819,random--la820,random--la821,random--la822,random--la92,random--la910,random--la912,random--la916,random--la917,random--la918,random--la921,random--la923
random--la102,0.0,27377.381808009668,35441.12581549885,12096.218600085418,12834.401648595069,24306.122916046246,12648.806210133254,50310.22432997371,17722.151224183035,59630.80724610799,29190.234600500306,7479.968263390259,8719.122931702852,58512.99319566658,130381.27834614833,24411.25455011371,9848.130457571011,45898.673438167,13867.171882888228,9480.171379780892,37902.181064415185,12410.808733422917,8402.00757059025,28002.87528032041,37348.16015403638,28797.723123798543,41622.88996112099,7456.356415749994,16952.471147736207,49596.14310309447,9318.405265402485,7177.745116878338,40316.76161084317,17964.618333424707,21655.963450539286,7121.3513231566785,12353.324061613699,42441.170724979085,46941.16424333025,17862.048504581722,16640.75824241682,88846.88966331354,24897.254514507502,14492.97238498031,12138.166251338673,41787.93322590147,22316.98991024958,15096.674024822467,10511.303692868893,13373.518123570919,14418.604715714288,18402.844478145955,14003.041312641924,8682.232703493917,8260.178174606792,10442.460433936678,16790.74385592029,9870.509422440184,18570.886218736774
random--la103,27377.381808009668,0.0,4380.933598616257,14209.305094189187,9167.603107744291,7154.565109641568,10018.22976664888,7725.483289410409,8939.36084270887,11075.027666962153,4726.853154014787,26452.91779523776,19459.233026905167,11185.236147536163,49831.602106101476,78580.53948417057,14437.372167875532,6493.491118140294,9907.804561908133,32878.926877945174,6725.011680667146,12576.758716462316,29851.262591333765,4175.927596673556,4795.508244237814,5102.441330021544,6820.837588537016,25566.924749797156,10550.315349779949,9304.116923026952,16979.438852816307,21269.238164501636,5433.838562044105,9131.651409133166,7492.4607687520265,17668.28159728685,11066.107252372836,7575.596099104534,7877.657023956394,6271.564806501379,8558.706293278681,26105.834494627503,4420.778920643474,51271.491569273916,12614.662543934941,6149.00470462323,6206.562414736631,7188.699249115771,14335.041087135169,8817.271065671373,53657.2034765018,58440.49289351405,11097.40614113991,32925.253775721125,18766.775153542792,14829.474035721887,7839.064351267512,23338.551405058384,8235.197576790568
random--la108,35441.12581549885,4380.933598616257,0.0,19934.625485949906,13165.484362729885,7649.889622887053,14632.550644668621,3917.5019065714823,12696.216480302564,6969.502593865371,4064.939673348933,33363.82460837167,27214.24770585457,7588.392659924024,37218.216962787934,93993.77777643534,21461.093531392773,4550.550321402543,14379.771751189444,41157.10891785962,5108.975370109815,17722.11829357199,38442.84113691701,4306.526501127808,3821.8612299695815,3520.904887610142,4871.253836283438,33295.626562129524,12953.140881394247,6201.685863749434,25223.79607590402,28984.28382112504,3838.3071813213983,11178.218813886147,8652.658281581986,23858.833600794576,15713.067037129882,5668.6603435955785,4699.584463662432,8365.825008504307,12544.507664983486,17940.476265112033,5382.561968418587,65380.10541487298,17901.243391302272,5445.684352351977,6835.648882815944,9502.314873152438,20355.805394600528,13840.366944276659,67170.26654825296,73142.94237947652,15276.038853693773,42596.3766606308,25567.006421902483,21488.544077508966,9217.542425836162,30849.034323675383,9505.361164314148
random--la1017,12096.218600085418,14209.305094189187,19934.625485949906,0.0,7903.129453069668,12055.649994168954,7027.908482005921,28628.761792002533,6983.733088383773,34918.43726619648,14365.34160660362,9511.15095436282,7716.179228492,34189.20089315384,94762.77344501817,38556.12111061768,6837.999269101896,25351.84490374334,5276.290704571155,12085.888307215217,21374.33764765561,7317.845060521448,11393.365722601737,14329.556235666862,19068.272661221952,14138.863758292735,23783.62665210618,11073.209205568879,7297.8170985597835,28787.66245497535,7947.697724694139,8148.447036227422,20998.119745541553,7251.552752377338,8900.492368752193,6534.386624284184,5728.557306473829,24002.17344246311,26711.016950750603,10898.44518931546,7006.889508134118,59035.86949504004,11187.313732321416,23075.085773111907,7933.6846349177895,23645.656634403505,9285.312418189505,8996.56667560047,5380.865748665378,6973.932768612532,25560.99163196268,26614.962128028015,5492.94144555819,13225.113151866675,8014.571856089766,5717.2626909740175,9545.200292456304,9531.890429696316,8206.324022101393
random--la1018,12834.401648595069,9167.603107744291,13165.484362729885,7903.129453069668,0.0,10360.330549410632,5273.741828998181,21154.566235587747,7554.393133704484,26146.140903623895,11273.88052119462,12631.762481414675,8521.886229958172,26783.198939566355,79633.86185357325,47347.69434785174,7533.184244555755,18624.707656625244,6113.513811067646,16826.06567138097,14990.854243576327,7356.433355907289,12978.26293447307,10260.531134542309,14323.389963014077,10558.515983799649,16852.975949903263,11169.228347231116,6819.825087806665,21664.2995615842,7432.190359971267,9417.907487489265,15186.95070151473,7712.170465044127,7458.707261504304,6106.355736006519,5422.048082868175,17843.919472605845,21172.846331943638,7102.742354818694,6784.588111257044,48962.822609794595,7386.4277321433,30457.967113491042,6832.073062325521,16835.047076999086,8574.104911042006,5692.698378831437,7613.647038910884,6186.657377538096,29470.45885292159,33972.2293015159,7592.707086092943,15526.789311243605,8940.772899138165,7959.695093209095,6739.647390865436,10989.391511046799,7035.046914673566
random--la1020,24306.122916046246,7154.565109641568,7649.889622887053,12055.649994168954,10360.330549410632,0.0,11468.913852726864,11297.891269775724,7168.983030214596,15642.430487266887,7008.440661734468,22739.194935137748,17999.826033873043,13763.923331877097,56355.73190655836,72185.67964874828,13534.004210906875,9733.330139312977,10592.882073469102,30484.837296061432,9456.73217505974,13454.463593815188,25790.458953597637,7231.369146719226,7095.095709164942,6367.520410049668,8322.104128816862,21601.162236248998,9157.668890474913,10081.545515673393,16385.773818795853,19442.642929824837,9642.984938834046,7718.259971930017,7211.873253123262,15734.05594569242,10072.045754814339,9371.947154415653,10151.178798170846,7121.809775225158,7247.924759923316,29298.90394561778,5663.598305559067,47184.564543457294,11535.328231056876,10844.44444064183,5530.750357947447,8148.4177375560885,12979.919688731508,9563.635069132797,49628.15247735265,52012.101412493445,9902.715564213839,30769.604916104494,15943.75705639889,12806.00568409026,6975.653084009731,19934.575933955486,7185.589800951926
random--la23,12648.806210133254,10018.22976664888,14632.550644668621,7027.908482005921,5273.741828998181,11468.913852726864,0.0,23595.27818077662,6084.306742867796,28196.836726716254,10523.217049217654,12942.00081221302,10481.937084337731,28472.13249451796,84087.2249285596,46305.532285837195,7418.523183018204,20221.613616071543,5657.020269705461,14606.70631639707,18650.571370819303,6257.365911980349,13412.395921849113,9563.585260912843,16095.628264941934,11414.163066798314,19596.735607406397,11740.961130543223,7360.002236989996,23892.908904916967,7057.978768958801,10726.313337953356,17913.66327076958,9719.783698633053,8045.013329123363,7843.743142833758,5004.9955398728835,20425.885718593916,21620.478722435397,8492.11297909024,7663.814127410526,50902.506629021416,8902.171427537058,30179.290942209802,8822.968720140623,17408.47499035741,8016.492452904064,7462.263420246121,7850.313899888973,5639.546919698886,30202.14263491065,32587.358316374095,5494.79807277428,15472.349656299926,10798.87255551965,7544.294064497143,7908.648791190933,11116.000558555452,7506.428271214752
random--la24,50310.22432997371,7725.483289410409,3917.5019065714823,28628.761792002533,21154.566235587747,11297.891269775724,23595.27818077662,0.0,18355.835772672453,3037.074347137313,6146.7151631226125,47360.98380128881,39287.6176294387,3388.606906830215,24014.87190874038,116830.11036195536,31698.555590697273,2587.8091818763187,23032.188016017208,57715.52952354374,6116.163574882304,27211.42267713559,53144.13315612808,7685.039753689083,4065.183858742788,7126.896507714106,4879.639446688944,47063.95841063893,20288.184855667656,3489.0597291016957,36277.66553011685,41615.56527826583,3806.332748064223,16477.10459101493,13318.604886288009,35123.666600442215,23813.267532600017,4959.053999551157,2904.0108758029423,14335.744783793789,19438.131811923377,9201.091380193899,8897.031449650698,84642.84781600996,26256.70438205279,5081.177249823632,11248.504468704323,17640.205328259482,30905.410984948994,21573.566019334972,86181.12555306811,92581.84568682432,23257.631166666804,58756.84851569728,36758.06669938015,31330.7960547598,15676.294870977907,43401.61998647411,15822.102347846077
random--la210,17722.151224183035,8939.36084270887,12696.216480302564,6983.733088383773,7554.393133704484,7168.983030214596,6084.306742867796,18355.835772672453,0.0,22490.937554506003,9044.632994826678,15815.22004454754,12549.155028483108,21245.452064301193,71021.9334496531,56948.98466428044,10094.082467127353,15007.721893284997,6044.031428137564,21144.435276151613,14350.629050744485,10041.006438152705,19041.16367902659,8879.008262023348,12588.383095370127,9274.49657088838,13060.142079054898,14448.027633911051,7232.46877955347,17801.59320525896,9659.088363677394,13570.203815650077,13650.492143006726,6779.694555453906,6057.723359599881,9886.25971218977,6891.914134956742,13357.648345584072,15973.0995146572,7841.885671388478,6871.811996980815,39378.7170290903,7331.075640751497,37497.25941763114,7440.9160547700285,13074.087877086413,6268.011802317636,7643.555300955209,10233.76288823078,6177.436263397076,37215.42817596711,39671.042019938184,5775.475579181878,21949.993297214194,11847.362022419538,8013.724835069677,6271.4119846739495,13224.963469152714,5294.442598574082
random--la211,59630.80724610799,11075.027666962153,6969.502593865371,34918.43726619648,26146.140903623895,15642.430487266887,28196.836726716254,3037.074347137313,22490.937554506003,0.0,9746.065614528632,55711.455075974525,45768.67678968803,3810.724120648731,19819.12564023396,129776.25103983287,38577.87962522611,4552.684445730448,29026.987160592053,65948.76897631124,7591.819960657824,32822.34419500702,61783.190992595824,11025.90736623677,6739.85774822178,10342.88669246246,5416.29995173704,55519.484853763,24471.87889971857,4717.22637959597,43284.4252881545,49575.77889597427,5395.788320737024,21164.103577826172,16741.79445161365,42050.69843237802,30137.405816544775,5196.615774888793,4618.307168488086,19455.13307082531,23678.79389009772,7789.763010469594,13070.318539910864,95528.74176816046,31552.141189196856,6466.485357747357,15533.102769959736,22626.845954776618,37714.647023365535,26923.799922907652,96545.57721006653,103237.41786783912,29198.685251300834,67241.20659179395,44764.49292892472,37925.50582758161,20644.114246463672,50825.345814082466,20692.917833466912
random--la213,29190.234600500306,4726.853154014787,4064.939673348933,14365.34160660362,11273.88052119462,7008.440661734468,10523.217049217654,6146.7151631226125,9044.632994826678,9746.065614528632,0.0,28568.747161439325,22630.220490584154,10367.029088766581,44223.63897126267,82038.49765596735,16681.80071650829,6460.482752118802,11433.904575713224,34143.49916727283,6545.037644252424,14282.550769434094,32203.02566487579,3682.051247640809,4396.362133431734,3699.437228556839,7315.313400315271,28363.495483135284,9694.49127485219,7812.437813321785,20179.611491996482,23619.40876417715,5478.971620994483,7211.220606020796,6738.957988346069,19180.630182916404,11911.33826145161,7563.329136276042,5109.669010582398,7359.889868319205,9889.941914757785,22177.655468974113,4778.586518594774,56912.37441372607,13958.922186743188,5869.975607111726,4774.516757428208,8793.8400873354,15511.314002780116,9729.599270921857,59190.064699270624,64350.210660045355,10743.95564479163,36542.31493574257,22142.366933603564,15999.70226493822,7200.989105097572,26079.686223407094,8107.3770939882515
random--la214,7479.968263390259,26452.91779523776,33363.82460837167,9511.15095436282,12631.762481414675,22739.194935137748,12942.00081221302,47360.98380128881,15815.22004454754,55711.455075974525,28568.747161439325,0.0,7001.998627924424,55989.20548467819,126888.76075010485,24401.51878751415,8939.659129709125,43773.92737912575,11462.918324183998,8364.58939340458,35107.0864173231,10915.72445167601,8203.675594394244,26474.714569632248,35693.277599563036,26042.831948050894,38756.220592343176,6566.095933123599,13250.160495764054,47408.522641128686,9523.021364446226,7149.805611136783,37810.133307101474,16260.456679637822,18647.398266684602,7338.326301403344,10032.0627731844,39412.9639283333,45305.56753352265,18705.0642757606,14768.817745821829,85517.02827056438,22882.602706146787,14912.9105374755,11831.88900600975,41423.323970810416,19220.159877519756,14652.522290367442,11058.351815243093,13336.733751031688,16020.641777195919,18152.69539123389,12746.041329497333,6924.210125440846,8110.759551806209,9740.197874542171,16386.24292202344,8343.842562064661,15836.679722499175
random--la222,8719.122931702852,19459.233026905167,27214.24770585457,7716.179228492,8521.886229958172,17999.826033873043,10481.937084337731,39287.6176294387,12549.155028483108,45768.67678968803,22630.220490584154,7001.998627924424,0.0,46956.19127710911,112001.97608072862,30641.84010760564,7026.238935784224,35539.00264028179,9809.65407220434,9880.455533812017,27757.551744497705,10011.012223482845,9808.595211749393,20785.112772903456,28338.40576255144,20862.75992951781,30386.18969423756,7588.032089413665,11119.608818680927,38243.13761238578,7998.287916796327,5626.739686487185,28580.863784349694,11726.460181522803,14300.109830937634,5278.436393355217,9263.046720967068,31783.155246614802,37831.56038683874,14945.542828863876,11008.45084351629,73279.82052020037,17169.4738450142,16651.295421809045,7121.84046109309,32450.053100422796,16223.05357785863,11277.745125923202,7797.835212215872,9996.55169917259,18680.487409840156,22023.157266492966,10869.024436043575,9281.42263356353,7932.908667576342,8212.806412524167,13204.012448901549,7382.817126769016,12724.639988250869
random--la35,58512.99319566658,11185.236147536163,7588.392659924024,34189.20089315384,26783.198939566355,13763.923331877097,28472.13249451796,3388.606906830215,21245.452064301193,3810.724120648731,10367.029088766581,55989.20548467819,46956.19127710911,0.0,20849.48961108944,128794.44999756581,37550.68488097597,3440.307865532694,28025.31168711854,67316.83512455545,9450.802608948063,34185.090094958876,60799.59658209361,11531.713916655524,6320.187476230763,10999.003074803399,6294.179731635609,54300.387441478175,26581.810686397224,4547.288393579829,42909.10448346408,48891.45453756326,6658.911328450175,22278.44043373615,18683.585688498395,41651.32767508196,29284.74039762881,6903.317245162609,4724.587112591771,18536.85980834921,23289.59505746594,7577.850300220321,12433.56793061047,95634.3485285268,32941.77757089247,5512.699306854681,14635.384703573189,22937.971525676603,38097.686695282755,27248.570456002246,96171.39483457667,101520.3213905108,27041.60824410364,67696.15132471139,43962.10545104468,38348.59965210387,20378.761108315157,49734.9588233704,19486.206818877887
random--la36,130381.27834614833,49831.602106101476,37218.216962787934,94762.77344501817,79633.86185357325,56355.73190655836,84087.2249285596,24014.87190874038,71021.9334496531,19819.12564023396,44223.63897126267,126888.76075010485,112001.97608072862,20849.48961108944,0.0,235237.03682618125,100362.80592372925,28460.836878350285,83614.34892319508,145537.88074397,33957.40935473069,93959.3750326934,137341.07792839105,47900.5977154552,36785.95961356647,45314.41331211399,33233.139570107815,126304.04625975376,77898.65308002307,26643.099322919534,111033.98034406012,116720.9388390436,32314.605664701972,66857.25054986225,61386.15728220725,103765.77119927853,88373.91489410428,31835.587460902632,27212.516863201512,62773.93649116617,76295.26511888122,6647.598074163131,52846.39257756577,189858.0984213917,87258.73100319222,31764.363830698356,58891.94725184902,72294.84507991486,101097.61837447218,81776.13883588872,190664.19041683123,200955.77654234078,82437.68367954942,147401.33837211106,110199.04580823876,100962.01576791209,64821.097120851155,119730.92702813228,65324.50801599984
random--la310,24411.25455011371,78580.53948417057,93993.77777643534,38556.12111061768,47347.69434785174,72185.67964874828,46305.532285837195,116830.11036195536,56948.98466428044,129776.25103983287,82038.49765596735,24401.51878751415,30641.84010760564,128794.44999756581,235237.03682618125,0.0,36288.72294710699,109632.30111895096,46781.40156674674,19713.56727418273,98936.63471465213,41257.48061678987,20321.825752004836,80016.38006439208,94665.48644779056,80847.30115063436,103922.37577235758,26184.494525270693,50922.38073391886,115767.23397594586,31870.20948519793,28550.48335496785,101381.3145683107,58911.69417275856,64989.706830450195,33631.14112923248,41469.91473373217,105758.26665072549,112672.37214307515,65227.42665857159,52488.263226212795,176821.22391446153,72056.54545377198,11479.580948348837,45422.41412202897,104321.88785643734,66463.27219639038,55560.35622430236,36201.25062441031,48599.61949374887,11321.66137017495,10351.618954065649,47083.485688134686,18676.37498692627,33017.617973003216,36681.070877022925,61967.72538029685,28062.148482907258,60462.58693915382
random--la311,9848.130457571011,14437.372167875532,21461.093531392773,6837.999269101896,7533.184244555755,13534.004210906875,7418.523183018204,31698.555590697273,10094.082467127353,38577.87962522611,16681.80071650829,8939.659129709125,7026.238935784224,37550.68488097597,100362.80592372925,36288.72294710699,0.0,28244.948525944466,6083.18477824745,12666.156671790868,25056.42394412022,8201.59577019332,9215.242071363127,15675.612501156778,21187.291643652126,16384.400005585187,25116.86544254077,8740.868793022024,8456.30881129793,30589.316449160335,6137.024839083376,5836.742610460306,24860.609107569133,10973.059044596983,13062.285095424695,6720.241120148467,5800.263634776752,27256.627795229924,29362.52841465271,11455.400010423351,7890.484877149191,63909.2101928533,12651.835083073829,20999.445478930313,9001.50882511625,25204.533461416133,10565.262114633391,9783.960351938042,7700.301037124137,6926.822567906981,22161.76144692717,23831.50307866453,6813.862266634201,11740.718602927158,8609.488442606913,6575.036981555505,10286.685286966918,7359.870365807766,9021.592500971106
random--la318,45898.673438167,6493.491118140294,4550.550321402543,25351.84490374334,18624.707656625244,9733.330139312977,20221.613616071543,2587.8091818763187,15007.721893284997,4552.684445730448,6460.482752118802,43773.92737912575,35539.00264028179,3440.307865532694,28460.836878350285,109632.30111895096,28244.948525944466,0.0,19759.149062055752,53701.65077571628,6117.714413562734,25183.224538966133,47998.66111143843,6712.962547718743,3599.6057031719997,6833.519662975814,4160.230302116553,42395.86341100319,18285.299283215416,3279.9358226128466,31750.844039823955,37273.38345039607,4423.026560734748,15298.238547371506,12213.265603203386,31081.57608417235,20731.959522303452,5400.018589428553,3345.4260959907433,13062.334034238107,16497.96352711402,11174.12880296183,7309.4195693924585,78741.59428662293,23646.04918484217,3819.159991673334,9871.76278313676,15923.403185880035,27686.90705659552,18325.55124694889,80051.24395648572,85676.5490531623,20148.11122782586,54137.85325580831,33203.41654228374,27794.1328645948,13700.897291296258,38998.93866988287,13168.429857513365
random--la321,13867.171882888228,9907.804561908133,14379.771751189444,5276.290704571155,6113.513811067646,10592.882073469102,5657.020269705461,23032.188016017208,6044.031428137564,29026.987160592053,11433.904575713224,11462.918324183998,9809.65407220434,28025.31168711854,83614.34892319508,46781.40156674674,6083.18477824745,19759.149062055752,0.0,14940.179905828816,17676.508471898043,7760.485712522387,13749.147679404556,9738.347643456118,15268.090001532159,10086.279666121934,18491.832635145915,12172.630653685448,6783.782605030448,22982.30417018382,7911.5258152440065,8699.847517472857,16622.04848761186,7551.7988681865,7546.1974169341365,8269.679222807048,5407.92791631968,19912.812511301887,21413.910810237347,8084.954816102994,6641.900897483082,50628.11019973502,7826.479002716229,29660.409078737706,9048.20515690145,17901.797801348406,6417.430823564067,6497.9030423569275,7153.548334030303,5222.152264906375,29848.723818646537,32464.181150671993,4493.800549595553,14797.377103666731,9910.029413796143,6937.343820681813,7111.605687526318,10765.386776048386,5568.374918635071
random--la323,9480.171379780892,32878.926877945174,41157.10891785962,12085.888307215217,16826.06567138097,30484.837296061432,14606.70631639707,57715.52952354374,21144.435276151613,65948.76897631124,34143.49916727283,8364.58939340458,9880.455533812017,67316.83512455545,145537.88074397,19713.56727418273,12666.156671790868,53701.65077571628,14940.179905828816,0.0,45699.32399940925,12197.526179089464,8814.66979835361,32217.343608030205,44384.42403966811,33895.07277774636,48353.004319045,10012.30406884044,17759.704351764376,56800.68808062295,10377.855954465342,9393.939109495706,46941.285039312614,20923.32812463144,23264.113542000992,10951.269521529231,14318.369503471693,49512.844051184074,53493.83934690774,25471.342131470486,19150.707980568295,100705.15473621695,29826.570271605993,11322.108548283642,15511.123211208247,50335.586815419854,25491.190461150563,18759.010573520525,11442.53362371781,15232.988758614016,12367.806580698292,15333.917727513883,17127.887417854276,6292.636978495027,11050.629234196844,11019.726232448069,21972.474994316744,11241.860231379083,23850.8269713921
random--la44,37902.181064415185,6725.011680667146,5108.975370109815,21374.33764765561,14990.854243576327,9456.73217505974,18650.571370819303,6116.163574882304,14350.629050744485,7591.819960657824,6545.037644252424,35107.0864173231,27757.551744497705,9450.802608948063,33957.40935473069,98936.63471465213,25056.42394412022,6117.714413562734,17676.508471898043,45699.32399940925,0.0,21580.704777709587,42383.482007487015,7466.716750672007,5352.509978357837,5512.587714831304,5524.974850894371,37082.894290786775,14742.897891118748,7067.364432791089,29535.005743696787,30740.294882085498,3924.2465990312785,10528.839883287439,9776.441877237705,24488.96562822383,19568.907482662475,4644.315896067117,6627.594307848168,9897.010232381796,13529.597861304703,16905.915807256588,8045.580880172688,69524.88458260728,17692.948422342364,7312.269607187086,10182.962703409741,12322.60733093273,22878.928245208786,16782.950263594255,72140.26485523576,78914.6892269999,18128.99093603304,46428.7892474643,27049.71606806278,23394.40949956326,10448.377259527411,34424.42757565619,11476.447100542655
random--la56,12410.808733422917,12576.758716462316,17722.11829357199,7317.845060521448,7356.433355907289,13454.463593815188,6257.365911980349,27211.42267713559,10041.006438152705,32822.34419500702,14282.550769434094,10915.72445167601,10011.012223482845,34185.090094958876,93959.3750326934,41257.48061678987,8201.59577019332,25183.224538966133,7760.485712522387,12197.526179089464,21580.704777709587,0.0,12235.28645279533,13616.312014644314,18947.895183735116,14927.2010545111,22378.292039355976,11153.987448332253,6718.341901677026,27923.533102396024,7664.543668764232,10762.927546991781,21877.970055632104,10377.09369157959,9801.60637327711,9107.145684193783,5266.271295347379,22976.27143233819,25181.0604057153,11191.978340343263,7348.442747440623,59137.07345900308,12446.85629695086,23902.511908699056,8813.548487430351,24109.8880895421,10056.778378676527,8593.591195408573,7689.201825055352,6834.383895856834,26185.59739811282,28118.209436028472,7964.828068184918,12411.578216863098,9049.594207765878,7350.764916595411,10511.02768262214,11240.921471290498,10873.257571301485
random--la57,8402.00757059025,29851.262591333765,38442.84113691701,11393.365722601737,12978.26293447307,25790.458953597637,13412.395921849113,53144.13315612808,19041.16367902659,61783.190992595824,32203.02566487579,8203.675594394244,9808.595211749393,60799.59658209361,137341.07792839105,20321.825752004836,9215.242071363127,47998.66111143843,13749.147679404556,8814.66979835361,42383.482007487015,12235.28645279533,0.0,31178.546834684636,38913.32161032034,31987.338379340905,44697.72581578249,7068.220569877528,16015.587900704912,51971.488304005245,8366.839924591362,7678.769444870957,43299.42523659657,21622.500973716684,22295.049605254382,9173.142950009746,11362.83755259897,46583.10700222821,50002.50962473516,21886.346340915716,17243.098171809794,94337.82245598518,25625.962748219274,13255.944852933822,14862.254048070714,43965.201223259406,23859.725510799133,18376.042256624845,11367.735958047871,15440.505850888123,11563.854340794573,13912.13214937586,14660.245090365052,6736.198139255345,9905.367371677426,11961.841723692996,20277.298996337384,6560.768302280518,19703.055532491155
random--la58,28002.87528032041,4175.927596673556,4306.526501127808,14329.556235666862,10260.531134542309,7231.369146719226,9563.585260912843,7685.039753689083,8879.008262023348,11025.90736623677,3682.051247640809,26474.714569632248,20785.112772903456,11531.713916655524,47900.5977154552,80016.38006439208,15675.612501156778,6712.962547718743,9738.347643456118,32217.343608030205,7466.716750672007,13616.312014644314,31178.546834684636,0.0,5692.90506443483,4603.949231239793,6807.014619590171,26061.59825952761,9805.024293001454,8838.001199772572,18326.81479940931,22842.351508758245,6419.902355687697,7786.242113136341,7859.915115770344,18230.78942464185,11301.995345589998,8075.44982798091,7554.053618636612,7326.393396590838,9397.664136153513,24902.292141830185,3872.412755857973,54576.398181301025,13244.326811089622,7320.230164865611,4960.375140908289,7973.262915555982,15595.931156413597,8962.308736132687,56192.16120349661,61219.80600547199,11496.39580010702,34454.68260447959,21345.27124875397,15786.347824770075,6685.093452255488,24358.67070113057,7084.5394805876385
random--la59,37348.16015403638,4795.508244237814,3821.8612299695815,19068.272661221952,14323.389963014077,7095.095709164942,16095.628264941934,4065.183858742788,12588.383095370127,6739.85774822178,4396.362133431734,35693.277599563036,28338.40576255144,6320.187476230763,36785.95961356647,94665.48644779056,21187.291643652126,3599.6057031719997,15268.090001532159,44384.42403966811,5352.509978357837,18947.895183735116,38913.32161032034,5692.90506443483,0.0,4975.533620393978,5097.829003556874,34658.75994700829,13289.500704938135,4907.820197918678,25142.479298860526,29409.2185910996,4282.372100993947,10971.656399052266,9916.427574793684,24695.96240809752,14668.937093739698,5865.983571249107,3944.562410342875,9076.362371844447,11233.427913010868,16901.25813905657,5214.842924190164,64925.76327059038,19086.96543894261,5366.992032045696,6888.549967664802,12097.782613572215,20461.226193977924,14382.013154267077,67994.69597588267,72551.11482389337,14680.528328494469,44326.01476563129,25664.686405320404,21510.625936916804,10720.014456092244,31468.097922409368,10458.823591058408
random--la517,28797.723123798543,5102.441330021544,3520.904887610142,14138.863758292735,10558.515983799649,6367.520410049668,11414.163066798314,7126.896507714106,9274.49657088838,10342.88669246246,3699.437228556839,26042.831948050894,20862.75992951781,10999.003074803399,45314.41331211399,80847.30115063436,16384.400005585187,6833.519662975814,10086.279666121934,33895.07277774636,5512.587714831304,14927.2010545111,31987.338379340905,4603.949231239793,4975.533620393978,0.0,6672.939031204248,27766.522191348457,9984.013667466883,8750.313915835177,20580.854687287625,22505.361612811656,5252.948604753113,7183.5597645774715,6215.7051236213265,18053.595088372433,12071.949781420128,6948.789476434194,7473.712067445775,7411.745615723425,9084.054306581746,22929.46399077599,4647.574423462486,55827.93831755503,13280.242142458646,7302.335460761185,4802.914811052146,7313.886071927015,15153.135466072497,10201.77652728426,58239.19349822169,63461.97627098963,10793.55172602704,35152.56185927781,21118.018955802687,15092.715426450837,7133.7425139196375,25396.967612213237,6420.920094549793
random--la518,41622.88996112099,6820.837588537016,4871.253836283438,23783.62665210618,16852.975949903263,8322.104128816862,19596.735607406397,4879.639446688944,13060.142079054898,5416.29995173704,7315.313400315271,38756.220592343176,30386.18969423756,6294.179731635609,33233.139570107815,103922.37577235758,25116.86544254077,4160.230302116553,18491.832635145915,48353.004319045,5524.974850894371,22378.292039355976,44697.72581578249,6807.014619590171,5097.829003556874,6672.939031204248,0.0,37079.660671164354,15038.752521950011,3997.4600814153428,28686.447017925962,33864.25455346463,4591.260572763442,12395.869064358461,10392.394711267494,27798.65198293355,19652.94871942964,2818.14205487023,4723.747705139651,11861.09151186344,13655.55009132132,13988.377705254032,8192.594587494206,71899.6020191455,18726.426757930778,5803.484967320463,9300.772099632806,13036.66894682301,25103.387825974347,16312.595911216215,73093.39682589193,78754.98430998766,19295.263072953414,48481.075053333356,29199.34546553706,23691.840846379804,11429.009340718987,35119.986565566345,11577.573916074207
random--la520,7456.356415749994,25566.924749797156,33295.626562129524,11073.209205568879,11169.228347231116,21601.162236248998,11740.961130543223,47063.95841063893,14448.027633911051,55519.484853763,28363.495483135284,6566.095933123599,7588.032089413665,54300.387441478175,126304.04625975376,26184.494525270693,8740.868793022024,42395.86341100319,12172.630653685448,10012.30406884044,37082.894290786775,11153.987448332253,7068.220569877528,26061.59825952761,34658.75994700829,27766.522191348457,37079.660671164354,0.0,13972.6521194569,46177.87763068697,6344.138775234313,6936.480227950986,37874.246860759995,17753.623978773958,19665.443701178647,7136.138648622429,9172.52645797843,39274.69554825108,43737.91099962302,17625.923446098284,14536.960473584348,83964.95564152037,22089.249909947797,15476.839793586973,12065.209643618251,38521.0738949963,20295.984300050557,15382.124511714877,11361.266421065375,12957.264270522366,14498.390884592882,16879.733464238452,11928.940829566856,7263.154995088947,6853.957597338089,10655.970637585637,16577.359770465475,6270.806313946281,15367.635083721047
random--la68,16952.471147736207,10550.315349779949,12953.140881394247,7297.8170985597835,6819.825087806665,9157.668890474913,7360.002236989996,20288.184855667656,7232.46877955347,24471.87889971857,9694.49127485219,13250.160495764054,11119.608818680927,26581.810686397224,77898.65308002307,50922.38073391886,8456.30881129793,18285.299283215416,6783.782605030448,17759.704351764376,14742.897891118748,6718.341901677026,16015.587900704912,9805.024293001454,13289.500704938135,9984.013667466883,15038.752521950011,13972.6521194569,0.0,19697.930780940605,10003.078507593236,11928.480389613136,15664.20112091512,6614.149597718785,6889.950017238716,11022.31332620579,5261.501493033002,15794.37900636921,18416.746803830356,9604.541271159283,5201.020522782089,46172.288110902075,8919.969175478796,32628.196395477466,8187.9571344118585,18596.187291707352,6745.593207601253,8732.666157662734,8956.004559316056,6365.08052047244,34922.297625597086,36391.6112857785,6763.474386794825,18755.506446496085,11242.443727116022,7430.435900216038,8480.026956465414,12642.70208228126,6570.5880534197095
random--la614,49596.14310309447,9304.116923026952,6201.685863749434,28787.66245497535,21664.2995615842,10081.545515673393,23892.908904916967,3489.0597291016957,17801.59320525896,4717.22637959597,7812.437813321785,47408.522641128686,38243.13761238578,4547.288393579829,26643.099322919534,115767.23397594586,30589.316449160335,3279.9358226128466,22982.30417018382,56800.68808062295,7067.364432791089,27923.533102396024,51971.488304005245,8838.001199772572,4907.820197918678,8750.313915835177,3997.4600814153428,46177.87763068697,19697.930780940605,0.0,35740.462946001804,40748.95121929361,5559.698509508241,16212.414241731885,13216.179216943252,34286.95384862274,23868.924898374873,5820.388554068983,3538.585015632034,15861.11591475181,17984.2246465737,9744.212297429356,10459.049709564855,83036.43113638647,25035.75351788036,6144.792686585323,11280.19710004636,18060.21869577051,30400.92272359515,20382.920973977114,84858.91574842003,90516.76648919143,22975.85583604776,57080.30137790905,35888.249201323095,29992.33005491926,15256.570053469883,43257.8295894918,16405.22530799923
random--la615,9318.405265402485,16979.438852816307,25223.79607590402,7947.697724694139,7432.190359971267,16385.773818795853,7057.978768958801,36277.66553011685,9659.088363677394,43284.4252881545,20179.611491996482,9523.021364446226,7998.287916796327,42909.10448346408,111033.98034406012,31870.20948519793,6137.024839083376,31750.844039823955,7911.5258152440065,10377.855954465342,29535.005743696787,7664.543668764232,8366.839924591362,18326.81479940931,25142.479298860526,20580.854687287625,28686.447017925962,6344.138775234313,10003.078507593236,35740.462946001804,0.0,7134.2202188101555,29213.27866630705,13952.780177289398,14141.506844735904,6661.963063321478,5668.460316780061,30442.622869146475,34012.43056835828,13083.023425036521,8891.42871770856,70910.83451593819,15125.596833038895,17074.847259647857,8828.086875502971,29417.309803464042,13741.99452534372,10724.449291027971,6902.512784340016,6913.161366950428,16939.526607897114,19698.67980942148,9132.279324647729,9718.807516530782,6223.255192815722,6230.873687604457,11911.008325533649,7428.509449722453,11974.586504686653
random--la616,7177.745116878338,21269.238164501636,28984.28382112504,8148.447036227422,9417.907487489265,19442.642929824837,10726.313337953356,41615.56527826583,13570.203815650077,49575.77889597427,23619.40876417715,7149.805611136783,5626.739686487185,48891.45453756326,116720.9388390436,28550.48335496785,5836.742610460306,37273.38345039607,8699.847517472857,9393.939109495706,30740.294882085498,10762.927546991781,7678.769444870957,22842.351508758245,29409.2185910996,22505.361612811656,33864.25455346463,6936.480227950986,11928.480389613136,40748.95121929361,7134.2202188101555,0.0,32072.063776174295,13581.697245770893,16111.910054714583,5257.275952881055,9101.947424867227,35565.174981296295,39484.82248757473,15209.223639459187,11703.452578351793,77492.36153202066,18420.661215068885,17053.74162264756,9841.139085324481,33810.86434479561,16331.190541166114,12247.04772492733,8459.891327792464,9712.667461301286,16440.87951865621,19930.45061920792,10330.75448314364,9022.805546546091,7339.149263618014,8488.957571383316,13731.49337311955,6217.152606144997,12166.759880152626
random--la621,40316.76161084317,5433.838562044105,3838.3071813213983,20998.119745541553,15186.95070151473,9642.984938834046,17913.66327076958,3806.332748064223,13650.492143006726,5395.788320737024,5478.971620994483,37810.133307101474,28580.863784349694,6658.911328450175,32314.605664701972,101381.3145683107,24860.609107569133,4423.026560734748,16622.04848761186,46941.285039312614,3924.2465990312785,21877.970055632104,43299.42523659657,6419.902355687697,4282.372100993947,5252.948604753113,4591.260572763442,37874.246860759995,15664.20112091512,5559.698509508241,29213.27866630705,32072.063776174295,0.0,11750.04124786394,9299.048035540454,26109.02633812943,19023.515919192367,4629.777556939682,5204.084738175863,10545.036804058476,14103.480941523821,14633.94069610343,6718.12649340712,71144.71286634702,19041.082290976126,4254.092835517622,9252.478289211947,12671.56016348092,22873.451991253092,16651.80711394365,72873.13762653546,79362.84320728232,17206.478155677116,46962.339813575956,28382.628654740547,24062.55100159372,11168.705350250195,34670.34448638252,11537.743050630805
random--la622,17964.618333424707,9131.651409133166,11178.218813886147,7251.552752377338,7712.170465044127,7718.259971930017,9719.783698633053,16477.10459101493,6779.694555453906,21164.103577826172,7211.220606020796,16260.456679637822,11726.460181522803,22278.44043373615,66857.25054986225,58911.69417275856,10973.059044596983,15298.238547371506,7551.7988681865,20923.32812463144,10528.839883287439,10377.09369157959,21622.500973716684,7786.242113136341,10971.656399052266,7183.5597645774715,12395.869064358461,17753.623978773958,6614.149597718785,16212.414241731885,13952.780177289398,13581.697245770893,11750.04124786394,0.0,6108.883711020823,10355.86570211202,8440.70961073706,12666.499263947046,14450.222700775303,8362.595501842481,6550.375556039286,38456.06477127764,7295.194796211894,37739.42435942311,7126.63930589068,15342.20755339679,6013.904376595,6669.885543120065,8769.616492178937,6669.384646333442,41575.5439224085,45152.27091963995,8396.832031941303,23700.37229438165,12979.713534793469,8118.320209183945,5654.911167341293,17796.441592332536,6886.824733165923
random--la623,21655.963450539286,7492.4607687520265,8652.658281581986,8900.492368752193,7458.707261504304,7211.873253123262,8045.013329123363,13318.604886288009,6057.723359599881,16741.79445161365,6738.957988346069,18647.398266684602,14300.109830937634,18683.585688498395,61386.15728220725,64989.706830450195,13062.285095424695,12213.265603203386,7546.1974169341365,23264.113542000992,9776.441877237705,9801.60637327711,22295.049605254382,7859.915115770344,9916.427574793684,6215.7051236213265,10392.394711267494,19665.443701178647,6889.950017238716,13216.179216943252,14141.506844735904,16111.910054714583,9299.048035540454,6108.883711020823,0.0,12248.495619988465,8902.650695839446,10696.223242657225,12205.38033303146,7845.952125081159,7721.903922761043,33809.90811564206,7129.958948167158,42354.48646433108,8350.144896612366,11449.725796313716,5989.875976479992,6234.15861671374,10049.986294528286,6697.829156009702,43431.29834262519,48111.44864662703,8379.868703383829,23987.463880533604,14441.123754215429,10386.5148264773,5990.617754402756,18204.13417564036,6832.6296273815005
random--la625,7121.3513231566785,17668.28159728685,23858.833600794576,6534.386624284184,6106.355736006519,15734.05594569242,7843.743142833758,35123.666600442215,9886.25971218977,42050.69843237802,19180.630182916404,7338.326301403344,5278.436393355217,41651.32767508196,103765.77119927853,33631.14112923248,6720.241120148467,31081.57608417235,8269.679222807048,10951.269521529231,24488.96562822383,9107.145684193783,9173.142950009746,18230.78942464185,24695.96240809752,18053.595088372433,27798.65198293355,7136.138648622429,11022.31332620579,34286.95384862274,6661.963063321478,5257.275952881055,26109.02633812943,10355.86570211202,12248.495619988465,0.0,7794.065654696838,28417.152635555787,33192.01290859662,11857.37672923542,10222.67223215573,66965.93515410129,14882.30629086444,19495.33621650933,6112.925398803497,27820.159053865467,14189.816539395235,8729.425014697172,6600.5018713942545,8077.755472862932,19564.591327431157,23791.44147530967,9524.39887175861,9861.198809740701,6173.455234185258,6848.832978509532,8856.088198893889,7669.593670582325,10134.630562826445
