road,random--la102,random--la103,random--la108,random--la1017,random--la1018,random--la1020,random--la23,random--la24,random--la210,random--la211,random--la213,random--la214,random--la222,random--la35,random--la36,random--la310,random--la311,random--la318,random--la321,random--la323,random--la44,random--la56,random--la57,random--la58,random--la59,random--la517,random--la518,random--la520,random--la68,random--la614,random--la615,random--la616,random--la621,random--la622,random--la623,random--la625,random--la626,random--la72,random--la74,random--la75,random--la711,random--la716,random--la718,random--la84,random--la85,random--la813,random--la818,random--la819,random--la820,random--la821,random--la822,random--la92,random--la910,random--la912,random--la916,random--la917,random--la918,random--la921,random--la923
random--la102,0.0,20149.458643754722,29929.69538428347,2981.1374213830823,6387.636611963047,16519.441093619476,5509.864542993742,44290.21409272255,9370.575701677493,51714.83562706918,23479.136162807506,84.61780614754689,764.1679765498538,51393.97608482843,127276.562413478,15809.275639439895,2207.699465898896,39378.02992395874,5521.778813367854,469.3143482616005,32175.123575892085,3291.3943622282004,146.55305779673975,21568.65710156211,30169.061983802665,22834.13609597958,33970.08089626457,113.13600583122428,7302.89934951621,41950.71033444868,870.587383667119,459.1478836002104,33967.731880904284,10630.053881928767,13089.185329939197,1470.0236383462586,4327.444846143223,35023.39710628261,40501.67543160143,12928.134786078337,7794.364244539085,83465.47424187789,17994.82188240785,5846.635366958598,4329.7718093678795,35287.54942999587,14924.212132835148,8832.758595506897,1884.0459404473984,5927.023021066216,5944.8584465657195,7691.384604365002,5941.396226623472,620.5752261492374,876.1051293714612,1940.1276741606491,11519.983483015092,369.98182700899105,11670.942070755982
random--la103,20149.458643754722,0.0,1022.5599899757974,7781.078527953513,3945.216230265575,233.98599350968462,4699.031892052961,4772.496312843461,2112.1133576940756,7410.953181032392,170.80655002500117,18759.654940879427,13405.674572562086,7288.395216453577,46373.1489028843,71294.72148654547,9222.219213588016,3271.7751109858896,4688.421663715916,26148.690699353538,1471.0482566560975,7301.540833634079,22623.99946968413,60.990875472668975,1063.004832787476,131.8507588201386,1853.8489730071185,18370.50936236882,3275.332020338039,4037.721653018548,12912.753954280417,14917.31433117108,1853.380707929253,1574.2348218176776,815.3760310911343,10906.85950911968,5916.69991206273,2116.3869473223895,3590.2592349443153,856.4007890858852,2958.905170091668,21763.25156128746,95.97615696864628,47301.7572047911,5925.985671424847,2178.1480524246867,442.3455568461305,2385.419702309211,9905.837478982658,4309.384820367902,47622.01072738144,52364.61882603875,4312.92811528009,27297.165271640028,12910.457455612568,9772.322620449539,1262.4137858301144,15631.07097229311,1216.3604216811864
random--la108,29929.69538428347,1022.5599899757974,0.0,14230.81255952668,8810.807836675733,2054.4248244953974,9892.601628716086,1453.0103638343112,5914.646322438088,3021.709532504268,441.08178880569955,28230.653133770124,21561.68651967809,2953.8910890189823,33942.19957347639,88862.71677913005,16141.989815234065,689.5485189300339,9910.263158025318,37157.220201761,78.05453540276604,13560.815950139033,32939.22976424886,731.1461106166397,31.209376571333497,518.1001069071202,172.29408616385535,27763.286840683384,7780.1898046582855,1058.0035456210803,20934.6742076756,23471.003453334637,170.20439651815633,4973.660810789524,3529.9717354657537,18370.966494021035,11648.462224493796,236.53814437427758,847.6798671931521,3609.387946604131,7287.510880931248,13542.841385102534,1575.5049461127642,61812.8442349495,11661.774943659477,260.8521563421005,2651.201717372591,6368.572336088076,17046.788926032084,9340.030427683954,62161.02175976808,67562.63189087118,9341.163068123253,38529.32099249136,20943.206470315294,16863.67371749488,4410.5368455773205,24349.969261813436,4310.1487435730605
random--la1017,2981.1374213830823,7781.078527953513,14230.81255952668,0.0,699.662890586482,5593.586886484021,442.7256672637742,24553.04381478583,1863.7868185495029,30160.137078485754,9887.306676432325,2445.3642669071296,808.5723416737735,29920.751457079125,91817.5181463924,32176.25860170904,103.00898523087564,20936.916779801755,439.6197593401979,5505.56641170497,15781.662042403872,45.032719211846164,3963.0497935519443,8680.40656209505,14382.826520199966,9487.16168754978,17047.506107990495,2332.334464620561,1019.2200825449341,22821.464621719264,720.32551106368,1218.14628948188,17039.17364802733,2455.348886508148,3687.0807891991276,320.05843557419263,181.6399657956538,17796.04478964542,21760.773437160704,3609.039903728243,1222.9717308377744,55300.808023011494,6467.134938172097,16868.219599534532,180.59466820772346,17992.841979481957,4695.616497813417,1642.9568233007965,189.6877805480281,571.189654168053,17073.254592935184,19950.231465089102,564.3157127627279,6035.471025402832,705.0380405629141,159.0192068035709,2885.7261540592353,1435.0532312160083,2966.966189369124
random--la1018,6387.636611963047,3945.216230265575,8810.807836675733,699.662890586482,0.0,2455.8224911264424,69.92805759068237,17225.649295809257,326.3689625931216,21974.1962445063,5492.630595255876,5600.793652650143,2889.979778977526,21770.480819195192,77038.06838872873,41948.95518890379,1172.3503860264718,14232.009865286158,74.86683877769484,9914.216052606409,10050.618447897836,575.5829426846395,7800.368477299977,4593.854889787304,8934.566490040448,5191.4467873663925,11054.382525573914,5397.1244985281455,68.33512601115493,15782.864689367796,2674.739045777001,3615.1415475588083,11050.38139113017,592.7261495335366,1261.0193553502913,1804.3030853727482,251.24385635169423,11664.505630390075,14907.093252807708,1211.3248167612503,120.29542041758646,43981.93544043739,3030.871606412769,24127.55017564383,255.82725435985222,11819.877534581754,1873.6863775335732,259.25949403128027,1430.0040716159187,48.83239254442063,24361.520313496712,27770.916343221346,46.8130994195899,10618.57126907723,2666.069157905156,1382.318898165671,820.5114765667124,3966.141017661695,868.550544775861
random--la1020,16519.441093619476,233.98599350968462,2054.4248244953974,5593.586886484021,2455.8224911264424,0.0,3041.357422269032,6814.5733692160675,1074.7475810887013,9896.27713490048,656.1484423525887,15263.049725504723,10481.743624924875,9760.35789683404,52344.205148156245,64300.68919258621,6826.248446917267,4982.732959341873,3044.1517858071993,21988.45247753404,2660.8255736987085,5187.957888253824,18770.104597950547,388.08795893639257,2104.123947096578,562.8217426464205,3192.649745824675,14929.281693757357,1924.499555285454,5915.820537571272,10052.788643684424,11821.871875815692,3186.447370617327,704.9954493719051,247.0460978805314,8294.632236271671,4045.359244954717,3519.7487467678807,5386.429015433595,277.3338415374695,1692.5893602345448,25900.976705232006,68.1557878194855,41654.8569460243,4049.1282724883713,3611.473068706673,81.97462279284228,1273.5568168594539,7426.057627544018,2737.3897210923737,41955.614077511265,46400.089280191445,2743.1577488084185,23050.016060882943,10050.542832894049,7296.439651117005,511.887831590323,12459.612520426826,477.2813667892919
random--la23,5509.864542993742,4699.031892052961,9892.601628716086,442.7256672637742,69.92805759068237,3041.357422269032,0.0,18744.18819007734,561.9168525844565,23676.597141951752,6360.705315157738,4785.153123426091,2320.6064977545902,23467.96648507005,80216.90557762327,39661.84996886369,824.222210415373,15604.168751279123,47.40010077705814,8824.03438820143,11208.764769650958,340.3513358689592,6842.934216587254,5382.0448716407245,10036.611849559242,6020.780444840223,12282.830748959264,4609.494395584604,170.6108565657894,17234.35973344427,2124.491690603199,2974.7417273408682,12275.911498920681,893.735004176554,1702.0535974713796,1370.21416877648,116.96623456392554,12909.47356175587,16320.50396537773,1643.1029997130418,252.84443013694613,46379.146757322946,3692.378815041563,22415.16211354609,118.9477676708375,13076.776518878749,2384.8046983812865,460.9218405445154,1043.114268547301,49.660652348669224,22628.466853933736,25918.44350773826,40.968467077361815,9491.88308990884,2123.656299687683,989.385246764239,1171.5294283740238,3286.432473846874,1214.2822771332
random--la24,44290.21409272255,4772.496312843461,1453.0103638343112,24553.04381478583,17225.649295809257,6814.5733692160675,18744.18819007734,0.0,13060.30340914965,324.24894416464673,3342.6076859382883,42219.153933081296,33959.16415292825,298.5805794535981,21536.75844265266,112613.16082912602,27057.554860847475,179.67700976833086,18744.26314491073,53011.530440393646,1017.1607998780205,23680.01257829887,47934.04640351691,4110.294397460941,1397.7245059879497,3596.0816301063805,726.1649407084512,41642.09516339768,15773.467896399068,57.054245395097546,33181.14028608744,36343.851700945284,722.775507359767,11645.43185381075,9343.315558062939,29915.26504561273,21137.316627028882,588.5569749773227,113.92032593204272,9482.479160778284,15067.943452667947,6234.62597707661,5908.479647046895,81824.92204805066,21145.163054603458,561.7213530577167,7896.746059716357,13721.614648134659,28228.08802817127,17969.409045176817,82247.44103810779,88437.51502669031,17974.94760807534,54637.775184248465,33172.00361019553,27992.80524511177,10756.530560927287,37437.554654252686,10611.79529583905
random--la210,9370.575701677493,2112.1133576940756,5914.646322438088,1863.7868185495029,326.3689625931216,1074.7475810887013,561.9168525844565,13060.30340914965,0.0,17228.146653114796,3273.3061679763396,8422.547900301955,4992.969624068059,17052.48657006027,67904.4635607989,49191.08377642092,2597.4988871060523,10476.296432458774,558.800628908738,13574.965168804003,6941.059764712738,1637.8795200392747,11072.694476420596,2590.0292915063114,6019.588930781951,3043.362004824956,7775.465812026188,8164.5374849009695,165.2470131835022,11806.417938305483,4695.45544262125,5924.151935940683,7778.231025131452,73.21910378679593,360.01096691272824,3525.1306230966725,1020.3567973224,8288.499277412904,11050.899170694773,337.0886748288546,114.46770407586222,37147.984862230835,1460.1601174281284,29679.849997378813,1040.8843215682223,8420.575097982062,701.9196616335153,57.606605202504575,2970.7019466146453,434.91146349679616,29937.888282044925,33707.79688564495,436.4277839584259,14394.480561432412,4692.929087694275,2897.6407877748884,159.72219482662004,6377.782035682317,178.47916929391516
random--la211,51714.83562706918,7410.953181032392,3021.709532504268,30160.137078485754,21974.1962445063,9896.27713490048,23676.597141951752,324.24894416464673,17228.146653114796,0.0,5589.541753715193,49481.941387033046,40497.68981569043,29.230882795186485,16849.912305009515,124274.34324140371,32924.896139776436,880.678289121713,23676.965998354677,61099.695375093266,2368.6846930322477,29178.35300989164,55643.48311443506,6587.061570182172,2949.082241848592,5909.770850488836,1916.9739573816082,48860.3531662629,20319.84121997001,545.7104004898396,39636.67094810383,43100.55094613252,1920.7781228896201,15601.069553638927,12909.902043230437,36079.93061963021,26350.060047691495,1666.1759292469046,727.8253279050941,13070.905310864167,19526.46870422941,3838.085667859744,8805.972727088529,91830.84871185164,26364.086785775755,1617.0119826709663,11195.804114409913,17987.049017084908,34203.123244785864,22812.04653071089,92264.33457654578,98817.19991835945,22820.98075517218,62849.363515141624,39646.93977639451,33949.38284554341,14564.211189994408,44292.29189079486,14392.286356475943
random--la213,23479.136162807506,170.80655002500117,441.08178880569955,9887.306676432325,5492.630595255876,656.1484423525887,6360.705315157738,3342.6076859382883,3273.3061679763396,5589.541753715193,0.0,21966.63337339008,16135.917458848406,5488.14366122059,41630.4602558474,77452.57621203647,11502.012609059982,2104.358349406177,6355.88025460676,29923.40276057417,727.1841683087157,9335.764645483121,26143.04884755721,75.6909435514919,456.8490323159535,37.469397441077135,1019.3643881381087,21573.62152374017,4676.891437846825,2730.3171840053724,15614.30520971834,17799.768251308447,1010.0132782578539,2590.894141627865,1570.3593914575406,13404.21790311177,7786.904540202188,1203.6015109616856,2372.259494126106,1634.7796959317075,4311.970706355026,18545.606457217513,406.4990068816244,52348.16511724015,7785.84532150334,1260.794967136391,1022.0138512814875,3607.637532335067,12274.044553542108,5917.086496869636,52685.635797593146,57671.726283148906,5920.373185584159,31159.341728579344,15614.413963964713,12113.536203097214,2178.215602120887,18577.64685193749,2117.026644260051
random--la214,84.61780614754689,18759.654940879427,28230.653133770124,2445.3642669071296,5600.793652650143,15263.049725504723,4785.153123426091,42219.153933081296,8422.547900301955,49481.941387033046,21966.63337339008,0.0,502.30707348767595,49173.933304383165,123766.54660658234,17068.580355740112,1752.8295064762988,37428.296723130145,4795.953153211801,677.3274693152314,30413.314143091204,2737.4831542982192,248.70313070369377,20133.241965018526,28465.18231886686,21354.247020475977,32159.601054780785,61.458379635191015,6470.400049556781,39934.52438145591,612.8152911503761,281.0726497751162,32158.357181049578,9628.641342748115,11974.601935866987,1126.050079312315,3699.659280895507,33179.71146145384,38533.49371148646,11827.619663768312,6950.52689322389,80620.62027494739,16686.36536949089,6607.889587804797,3696.0512496367173,33449.759003377214,13738.710888944766,7927.259992649846,1481.6279320703134,5197.200922401704,6723.1120521566945,8565.567940826077,5190.066121159309,863.3073788150567,605.1739295554012,1531.3800082964215,10480.40915400824,209.70399648439877,10624.215276669578
random--la222,764.1679765498538,13405.674572562086,21561.68651967809,808.5723416737735,2889.979778977526,10481.743624924875,2320.6064977545902,33959.16415292825,4992.969624068059,40497.68981569043,16135.917458848406,502.30707348767595,0.0,40215.44862790646,109292.68992220743,23052.494912820297,440.6168813290055,29672.675840445318,2324.7762517049296,2195.389842991671,23464.76633818163,982.7190299889477,1276.029303278071,14573.22193987338,21761.19393370862,15607.334899027366,25011.78094483321,469.7902912336043,3519.5866161554063,31914.82499067887,63.92566204079777,97.39785896490345,24998.621290847695,5931.217984196501,7793.20388502907,193.76945901188105,1585.8221276675451,25910.84194854558,30652.754211972315,7673.268809167444,3881.896347352641,69024.59978118166,11665.46842610655,10488.840442850098,1585.5875305294576,26150.57308715011,9226.494834272566,4608.437914926625,331.74783053871414,2607.9036517385734,10643.686687043612,12937.87107563984,2593.6159477658493,2530.1850495638287,57.50173105261781,346.33941539686566,6598.9580374984,142.61644741174922,6723.067358849506
random--la35,51393.97608482843,7288.395216453577,2953.8910890189823,29920.751457079125,21770.480819195192,9760.35789683404,23467.96648507005,298.5805794535981,17052.48657006027,29.230882795186485,5488.14366122059,49173.933304383165,40215.44862790646,0.0,17038.971613755548,123780.59313331121,32674.072062140272,838.6233781816992,23465.608087612058,60762.31987644554,2307.8355326257806,28941.375444457717,55311.73404527056,6463.684307493974,2877.5258595620357,5800.192950601586,1861.2804272288215,48551.094151217345,20128.213495163418,528.5994538041031,39368.1529768608,42809.12705525531,1856.5617960458685,15430.58901675339,12754.420049267897,35810.22203545144,26128.040162296504,1624.712070530107,686.6651183410316,12918.224594285928,19330.2657919206,3935.4550579013567,8676.763784058707,91403.88698638653,26136.955922450878,1575.1990943283247,11052.081093819937,17789.519265274233,33954.19781873321,22604.182045116846,91837.62812480988,98367.43160989691,22599.55169404257,62515.0903862749,39365.37096110163,33688.89489724876,14395.423760183494,43994.166178796404,14228.906024829459
random--la36,127276.562413478,46373.1489028843,33942.19957347639,91817.5181463924,77038.06838872873,52344.205148156245,80216.90557762327,21536.75844265266,67904.4635607989,16849.912305009515,41630.4602558474,123766.54660658234,109292.68992220743,17038.971613755548,0.0,232239.1894711696,96594.02815416486,25215.452556787357,80218.68389668601,141798.6131162617,31640.624787373818,90116.07869182117,133407.05970682428,44267.71578591254,33682.88012733711,42502.26663927149,29901.88212494902,122771.61151227065,73933.16440201954,23232.773244470296,107895.47359173247,113541.47545423248,29899.503271780744,64625.49667738085,59007.90517635581,101935.14168222947,85092.2158804649,28932.888223055535,24322.88827693213,59356.72758646202,72401.65987715962,4667.874430818439,49780.360939798746,186976.5285025688,85090.79427211029,28697.56228142202,55291.41581225042,69394.74717955025,98801.8705891693,78614.02586023712,187590.9169087925,196899.43352268325,78619.994555327,144465.74584193583,107892.41804787923,98358.99673711887,62493.5670984713,115465.70971972773,62144.248245728195
random--la310,15809.275639439895,71294.72148654547,88862.71677913005,32176.25860170904,41948.95518890379,64300.68919258621,39661.84996886369,112613.16082912602,49191.08377642092,124274.34324140371,77452.57621203647,17068.580355740112,23052.494912820297,123780.59313331121,232239.1894711696,0.0,29451.075510298848,104673.48000391175,39674.36553969217,11228.653209087104,92698.01752313419,33189.11246056524,13757.799087704334,73958.68173881898,89283.67359922681,76269.80793360063,95740.60797493835,17453.552191771156,44287.402525510595,108845.46753428582,23695.96381523196,21171.841886650927,95733.70561881592,52049.07527652871,57336.3769350033,26612.007169397766,36351.32396157689,97488.32137385412,106518.21990709689,57005.56730931898,45493.76298516031,171423.98027416007,67200.77486014253,2557.1551854198487,36354.5783794162,97939.43303706421,61111.48400067851,47946.69550528217,28248.227082478967,40803.806458743216,2473.807889129682,1550.1974545664543,40795.69444750023,10497.106657701452,23710.110951821385,28484.595442073645,54001.00394370075,20352.568138059436,54330.36051819648
random--la311,2207.699465898896,9222.219213588016,16141.989815234065,103.00898523087564,1172.3503860264718,6826.248446917267,824.222210415373,27057.554860847475,2597.4988871060523,32924.896139776436,11502.012609059982,1752.8295064762988,440.6168813290055,32674.072062140272,96594.02815416486,29451.075510298848,0.0,23249.74418697182,827.7419474180863,4422.660295036872,17797.021427937554,154.95132077481924,3047.358575753858,10193.310245693428,16323.358716034529,11061.189483700402,19148.663965204887,1650.4614555698636,1582.7033269655983,25230.622208544326,382.5040121380837,742.9984437635522,19137.508830855633,3283.7560191398525,4701.170627244021,134.48895238131297,421.86479520638056,19935.57983982552,24120.155839347568,4607.701675614335,1812.484959425304,59014.7239536776,7787.1491431809545,14917.1437119056,431.39852414809155,20139.049556709524,5809.125465912311,2330.436213927599,65.88701144530266,991.4227818027276,15097.47045060748,17826.186116785022,984.7779849421886,4892.535796006331,377.43874677641566,52.70399871535869,3785.760694004077,921.7533370894836,3876.619085943681
random--la318,39378.02992395874,3271.7751109858896,689.5485189300339,20936.916779801755,14232.009865286158,4982.732959341873,15604.168751279123,179.67700976833086,10476.296432458774,880.678289121713,2104.358349406177,37428.296723130145,29672.675840445318,838.6233781816992,25215.452556787357,104673.48000391175,23249.74418697182,0.0,15610.78349608784,47615.79703934374,404.62175291660583,20117.094168103973,42812.770487028654,2723.8076243949686,655.8416935799038,2295.775512398738,245.19195383489756,36892.06847637429,12904.361320679936,73.67144689640168,28939.634825360525,31914.213598826587,237.77950962712208,9213.289716033305,7178.1815894089805,25913.975061480847,17787.84713501655,155.6299025790329,33.026524830561335,7302.147041415861,12275.113348519017,8263.434092866868,4218.741254611183,75107.27456946278,17792.954697307287,148.1976662773319,5910.871496985811,11056.96110664807,24331.333885087784,14908.416271199101,75493.3152927887,81438.92247660953,14902.801164358227,49172.71001274372,28953.75784534995,24104.6364452155,8413.397364414828,32934.24650182855,8281.218542834496
random--la321,5521.778813367854,4688.421663715916,9910.263158025318,439.6197593401979,74.86683877769484,3044.1517858071993,47.40010077705814,18744.26314491073,558.800628908738,23676.965998354677,6355.88025460676,4795.953153211801,2324.7762517049296,23465.608087612058,80218.68389668601,39674.36553969217,827.7419474180863,15610.78349608784,0.0,8830.37170400311,11213.13089412152,341.8968659801884,6834.595291705152,5397.856502347265,10036.225475080279,6040.688031180234,12270.177881302972,4613.236395487535,169.27009284640224,17233.32767818822,2129.265259881626,2967.875585758719,12277.191890667073,902.221705611291,1688.8035081895803,1378.7492084054206,116.54812446841079,12912.869956378274,16318.647211639425,1638.4150174333122,252.70777483629237,46386.45730313989,3684.5888251845263,22401.547126801055,136.96812908817384,13074.79810407999,2384.296552848719,451.0623866162309,1036.5494806066579,52.67953189293813,22646.540525640015,25921.293985632146,52.34320285804088,9485.003157762745,2118.561581016829,990.4455070879653,1166.3815097084394,3308.0982797974175,1221.9584293083421
random--la323,469.3143482616005,26148.690699353538,37157.220201761,5505.56641170497,9914.216052606409,21988.45247753404,8824.03438820143,53011.530440393646,13574.965168804003,61099.695375093266,29923.40276057417,677.3274693152314,2195.389842991671,60762.31987644554,141798.6131162617,11228.653209087104,4422.660295036872,47615.79703934374,8830.37170400311,0.0,39660.76434007129,5929.940355556459,195.15468255417548,27775.155596418877,37432.99583686078,29200.187287774374,41652.60150969125,771.0953673224942,11059.520216536654,50437.03916458027,2393.880776909146,1659.4735144723695,41651.058737428524,15096.427146742113,17991.732495096923,3364.2382836695633,7301.22703437354,42811.10307114092,48854.55818612916,17812.60513955859,11680.223940867329,95289.53325881103,23685.101278034876,3226.241110006057,7310.454388225285,43108.58789128998,20141.561335204897,12931.859284004959,3966.0797775954047,9357.615473972799,3307.699282139618,4622.532490902951,9368.817400387108,68.91216114513283,2407.5911587757696,4056.840623623534,16157.751155511292,1440.8763554537836,16339.858243052266
random--la44,32175.123575892085,1471.0482566560975,78.05453540276604,15781.662042403872,10050.618447897836,2660.8255736987085,11208.764769650958,1017.1607998780205,6941.059764712738,2368.6846930322477,727.1841683087157,30413.314143091204,23464.76633818163,2307.8355326257806,31640.624787373818,92698.01752313419,17797.021427937554,404.62175291660583,11213.13089412152,39660.76434007129,0.0,15071.982262552312,35287.26786803894,1115.2051518550732,70.3188973368863,843.0820868540286,66.72335674278237,29930.953978326233,8941.373059039153,696.9059736825354,22827.48135673362,25455.48558377446,57.5100481071496,5922.9036560598015,4318.0277129092665,20142.70449897644,13073.992801074684,92.8258493126574,526.8492834935435,4410.937686389045,8414.34601521638,12106.397011724153,2119.040537310552,65007.16159255413,13078.715476527532,118.47592386743007,3347.058670453647,7416.44802426577,18746.685862935097,10617.81181297129,65378.5870478879,70917.92088851979,10620.89295837866,41074.75044143957,22829.330102097327,18548.950849597306,5290.607587065004,26382.151348728094,5188.233982275277
random--la56,3291.3943622282004,7301.540833634079,13560.815950139033,45.032719211846164,575.5829426846395,5187.957888253824,340.3513358689592,23680.01257829887,1637.8795200392747,29178.35300989164,9335.764645483121,2737.4831542982192,982.7190299889477,28941.375444457717,90116.07869182117,33189.11246056524,154.95132077481924,20117.094168103973,341.8968659801884,5929.940355556459,15071.982262552312,0.0,4317.052487623261,8162.543122329761,13722.520239456086,8937.785256143326,16324.609598353156,2608.7597054033313,848.7480407733225,21973.756818051977,865.5868646070988,1420.6678992651207,16317.066720098692,2191.1317844114956,3359.598948301374,433.8820217001972,113.6716644885305,17042.56425735079,20933.24154650996,3288.263945015248,1030.5559820507901,53967.71724422357,6031.901689517317,17613.153959894822,126.12407272052552,17239.667266506855,4309.342826399767,1420.379854392061,247.50993309983673,449.705713141282,17808.727869702903,20757.16182693489,442.71399141410797,6476.780899259888,869.89907885548,219.1348255559491,2593.11391600534,1654.2450874729286,2668.346436170588
random--la57,146.55305779673975,22623.99946968413,32939.22976424886,3963.0497935519443,7800.368477299977,18770.104597950547,6842.934216587254,47934.04640351691,11072.694476420596,55643.48311443506,26143.04884755721,248.70313070369377,1276.029303278071,55311.73404527056,133407.05970682428,13757.799087704334,3047.358575753858,42812.770487028654,6834.595291705152,195.15468255417548,35287.26786803894,4317.052487623261,0.0,24138.651812055836,33192.91628150132,25469.03915216474,37172.215891112675,291.3923057410326,8816.808169966616,45493.00100174111,1435.162413878147,881.0594018813522,37165.78778131453,12458.507903457248,15095.007375539137,2201.8699234414435,5499.49806460442,38270.51773525163,43988.13785755673,14932.578386396832,9367.517387463484,88437.12956834071,20343.582147444762,4615.93001761869,5518.774487500349,38542.98358015785,17061.375846866777,10489.031858268274,2685.899668610325,7307.293249565266,4714.139107980536,6276.745240282519,7310.771324060467,288.47558773110944,1439.955996993414,2749.6538293772114,13415.34941789056,726.6286686829012,13581.354005913914
random--la58,21568.65710156211,60.990875472668975,731.1461106166397,8680.40656209505,4593.854889787304,388.08795893639257,5382.0448716407245,4110.294397460941,2590.0292915063114,6587.061570182172,75.6909435514919,20133.241965018526,14573.22193987338,6463.684307493974,44267.71578591254,73958.68173881898,10193.310245693428,2723.8076243949686,5397.856502347265,27775.155596418877,1115.2051518550732,8162.543122329761,24138.651812055836,0.0,765.7422590501782,45.331513934320185,1462.1902502309883,19736.46996146205,3856.9231528534583,3436.965790113615,14061.434292982745,16148.674199438381,1453.6563209705412,1979.9693389230254,1122.385493475705,11965.605299894378,6700.152049100679,1686.2963870982694,3026.6024492782462,1175.9242545906172,3512.767918191808,20320.62322174629,201.5163539316616,49486.90013681811,6703.945629036694,1750.066494804179,660.326778648874,2887.1158181432857,10917.260962538036,4976.125449200455,49802.860041100605,54652.67873829609,4972.117062839011,28962.063314688334,14065.615802919756,10762.112277491713,1625.334067585246,16878.33166554846,1569.712100764473
random--la59,30169.061983802665,1063.004832787476,31.209376571333497,14382.826520199966,8934.566490040448,2104.123947096578,10036.611849559242,1397.7245059879497,6019.588930781951,2949.082241848592,456.8490323159535,28465.18231886686,21761.19393370862,2877.5258595620357,33682.88012733711,89283.67359922681,16323.358716034529,655.8416935799038,10036.225475080279,37432.99583686078,70.3188973368863,13722.520239456086,33192.91628150132,765.7422590501782,0.0,561.2031778575124,141.8781539061938,28008.735616460806,7888.712589384709,1020.8470354930263,21147.5725281705,23685.285491478713,140.50089939047402,5076.103790054472,3596.661570620995,18554.3410934342,11811.89483638691,219.61275249984152,798.714087908507,3686.8335447509858,7413.195303196653,13386.963762174813,1610.7040584276083,62146.92162719048,11815.13932685942,248.15976600765043,2737.8266805038807,6473.126536739214,17233.637033479587,9474.895349194581,62515.39127393551,67930.74313287024,9478.051878795633,38809.756774264504,21143.76628103534,17049.252649644593,4493.319475218871,24572.308536940156,4405.259586620616
random--la517,22834.13609597958,131.8507588201386,518.1001069071202,9487.16168754978,5191.4467873663925,562.8217426464205,6020.780444840223,3596.0816301063805,3043.362004824956,5909.770850488836,37.469397441077135,21354.247020475977,15607.334899027366,5800.192950601586,42502.26663927149,76269.80793360063,11061.189483700402,2295.775512398738,6040.688031180234,29200.187287774374,843.0820868540286,8937.785256143326,25469.03915216474,45.331513934320185,561.2031778575124,0.0,1170.183600929141,20948.195773019783,4403.981124025723,2957.3058828019484,15079.41883014457,17242.525597028154,1155.0808718661297,2377.5097242657343,1425.8401026204665,12918.698817351747,7406.389363831527,1352.004610527746,2582.1413062064084,1480.8976031434365,4035.090410154411,19121.997539778487,341.04894369251576,51400.09096200359,7412.287579676217,1414.3684144066,886.0833603023667,3358.9537112940525,11815.040335285872,5599.234407943879,51714.93480752411,56650.37583064983,5588.511605194124,30422.36825324254,15091.74645672959,11649.04628739354,1993.3057266347782,17991.94973105871,1923.2160202294021
random--la518,33970.08089626457,1853.8489730071185,172.29408616385535,17047.506107990495,11054.382525573914,3192.649745824675,12282.830748959264,726.1649407084512,7775.465812026188,1916.9739573816082,1019.3643881381087,32159.601054780785,25011.78094483321,1861.2804272288215,29901.88212494902,95740.60797493835,19148.663965204887,245.19195383489756,12270.177881302972,41652.60150969125,66.72335674278237,16324.609598353156,37172.215891112675,1462.1902502309883,141.8781539061938,1170.183600929141,0.0,31666.28663690785,9893.385967707765,466.1477180009677,24339.83567842729,27062.263899099296,23.512887182388745,6699.299621182553,4973.82551584212,21553.65314563566,14226.527458151535,40.520819463008685,323.3390252974953,5089.43645603862,9345.266394925835,11050.261690475249,2576.9122698883007,67547.12100295791,14236.555227459026,51.60272169068113,3950.492501448785,8285.308853996145,20125.149572739385,11653.006759002248,67931.59542032347,73574.84912873556,11664.07315140901,43101.24555050695,24340.806825213735,19934.46146377026,6025.330405896908,28017.63229269243,5921.276211437935
random--la520,113.13600583122428,18370.50936236882,27763.286840683384,2332.334464620561,5397.1244985281455,14929.281693757357,4609.494395584604,41642.09516339768,8164.5374849009695,48860.3531662629,21573.62152374017,61.458379635191015,469.7902912336043,48551.094151217345,122771.61151227065,17453.552191771156,1650.4614555698636,36892.06847637429,4613.236395487535,771.0953673224942,29930.953978326233,2608.7597054033313,291.3923057410326,19736.46996146205,28008.735616460806,20948.195773019783,31666.28663690785,0.0,6264.968207837269,39372.15308062671,540.085789435336,244.27387053459884,31662.232870241332,9358.43436159343,11680.708584628463,1034.8266610209673,3518.7513817619633,32678.978639739955,37984.466426822284,11524.834883531903,6703.665717474423,79820.17149094812,16333.086746365992,6845.250152372065,3538.0153541610666,32928.64133229273,13396.182692366958,7675.199168455792,1387.4461799950648,4990.502683591444,6954.761264234545,8831.62703742139,4987.471992200211,954.4381266988445,544.0180335891407,1434.9430994388224,10198.637224388061,181.5426268576931,10334.873529804907
random--la68,7302.89934951621,3275.332020338039,7780.1898046582855,1019.2200825449341,68.33512601115493,1924.499555285454,170.6108565657894,15773.467896399068,165.2470131835022,20319.84121997001,4676.891437846825,6470.400049556781,3519.5866161554063,20128.213495163418,73933.16440201954,44287.402525510595,1582.7033269655983,12904.361320679936,169.27009284640224,11059.520216536654,8941.373059039153,848.7480407733225,8816.808169966616,3856.9231528534583,7888.712589384709,4403.981124025723,9893.385967707765,6264.968207837269,0.0,14394.356732250471,3275.9752896638015,4323.261142646527,9893.461710934831,360.654586579587,889.0710263634172,2315.1952283729647,436.36875330461845,10465.868558035747,13549.387542205855,858.4990658234212,48.4978594963673,41632.907342881444,2438.615506865295,25906.19772179907,448.55498485156113,10620.267026235892,1415.9912459504387,119.9445465001132,1868.18952266734,107.47635310490615,26150.083464265073,29685.94861954988,113.52504879730226,11813.554959460338,3283.4952827160055,1805.5199400217098,529.1747071335876,4701.539521056859,564.0687513639248
random--la614,41950.71033444868,4037.721653018548,1058.0035456210803,22821.464621719264,15782.864689367796,5915.820537571272,17234.35973344427,57.054245395097546,11806.417938305483,545.7104004898396,2730.3171840053724,39934.52438145591,31914.82499067887,528.5994538041031,23232.773244470296,108845.46753428582,25230.622208544326,73.67144689640168,17233.32767818822,50437.03916458027,696.9059736825354,21973.756818051977,45493.00100174111,3436.965790113615,1020.8470354930263,2957.3058828019484,466.1477180009677,39372.15308062671,14394.356732250471,0.0,31149.271070652772,34222.53841336635,468.86887130386026,10463.189291519888,8290.757634854777,28000.999361242208,19523.967758118342,349.93385451493907,48.23967053900194,8420.690561779991,13715.532743239044,7153.853166094319,5082.492907743063,78636.28305957648,19539.826193059867,330.48222614351744,6921.459470998209,12441.915618111578,26355.86909667495,16493.236290645447,79043.12350050433,85111.5415046985,16500.030335983458,52021.70837221282,31153.01395870912,26135.133497208408,9627.543299969231,35290.81920985783,9489.330783359155
random--la615,870.587383667119,12912.753954280417,20934.6742076756,720.32551106368,2674.739045777001,10052.788643684424,2124.491690603199,33181.14028608744,4695.45544262125,39636.67094810383,15614.30520971834,612.8152911503761,63.92566204079777,39368.1529768608,107895.47359173247,23695.96381523196,382.5040121380837,28939.634825360525,2129.265259881626,2393.880776909146,22827.48135673362,865.5868646070988,1435.162413878147,14061.434292982745,21147.5725281705,15079.41883014457,24339.83567842729,540.085789435336,3275.9752896638015,31149.271070652772,0.0,137.49571547288159,24343.273872619415,5606.541439644839,7424.4883910957415,129.97716659188373,1400.0110472062934,25222.445545848546,29912.048504668513,7310.267067533191,3601.127684185429,67907.25229482015,11207.613515356206,10940.570603961116,1419.9972797189635,25447.0976581216,8803.82122192816,4322.812391918918,253.49987481236664,2380.65833022763,11069.996603520662,13412.738467429901,2388.338028223334,2746.7559237761825,49.4057642398424,277.7876426352053,6258.30081458811,188.33153071895504,6358.816574067553
random--la616,459.1478836002104,14917.31433117108,23471.003453334637,1218.14628948188,3615.1415475588083,11821.871875815692,2974.7417273408682,36343.851700945284,5924.151935940683,43100.55094613252,17799.768251308447,281.0726497751162,97.39785896490345,42809.12705525531,113541.47545423248,21171.841886650927,742.9984437635522,31914.213598826587,2967.875585758719,1659.4735144723695,25455.48558377446,1420.6678992651207,881.0594018813522,16148.674199438381,23685.285491478713,17242.525597028154,27062.263899099296,244.27387053459884,4323.261142646527,34222.53841336635,137.49571547288159,0.0,27057.965931530238,6938.892999648924,8952.723608003898,373.6291655764068,2124.654316084624,28001.87385745459,32925.426855974496,8819.85792240997,4697.639675933515,72413.88911359923,13075.510384378267,9233.993941309376,2137.8043823460443,28245.414271219244,10472.386293081987,5513.493023507517,582.3357603829744,3281.0989285047413,9369.833688025334,11537.80056170398,3280.780881323201,1936.4202367311605,121.8910821480431,608.093567064346,7669.636867739663,79.37715926363568,7795.36088420796
random--la621,33967.731880904284,1853.380707929253,170.20439651815633,17039.17364802733,11050.38139113017,3186.447370617327,12275.911498920681,722.775507359767,7778.231025131452,1920.7781228896201,1010.0132782578539,32158.357181049578,24998.621290847695,1856.5617960458685,29899.503271780744,95733.70561881592,19137.508830855633,237.77950962712208,12277.191890667073,41651.058737428524,57.5100481071496,16317.066720098692,37165.78778131453,1453.6563209705412,140.50089939047402,1155.0808718661297,23.512887182388745,31662.232870241332,9893.461710934831,468.86887130386026,24343.273872619415,27057.965931530238,0.0,6698.598058022661,4974.106724370419,21548.249654775194,14225.775167989459,42.50970510511565,320.79626980080513,5086.347444416107,9342.98606277587,11048.208094823734,2576.736895080688,67545.03198559163,14227.487094562879,55.260724102667766,3945.8459835493795,8277.655038602497,20130.21954703962,11654.035235420823,67924.94559272712,73571.79706918042,11654.307814097003,43107.5609289776,24338.810402475832,19924.77878038112,6025.308437798876,28006.09545396487,5920.138689399207
random--la622,10630.053881928767,1574.2348218176776,4973.660810789524,2455.348886508148,592.7261495335366,704.9954493719051,893.735004176554,11645.43185381075,73.21910378679593,15601.069553638927,2590.894141627865,9628.641342748115,5931.217984196501,15430.58901675339,64625.49667738085,52049.07527652871,3283.7560191398525,9213.289716033305,902.221705611291,15096.427146742113,5922.9036560598015,2191.1317844114956,12458.507903457248,1979.9693389230254,5076.103790054472,2377.5097242657343,6699.299621182553,9358.43436159343,360.654586579587,10463.189291519888,5606.541439644839,6938.892999648924,6698.598058022661,0.0,177.91087196115674,4312.3044796391405,1466.4212837825874,7171.575955984687,9758.300046154376,164.7385826755442,265.43286231868893,34736.04959571801,1018.3108668026036,31922.106797029664,1475.8467464080443,7295.304811978022,412.36503140399,143.73231442625487,3702.8691620026825,729.2494859413752,32181.94870810308,36086.67764129433,735.7997781595062,15966.46594372243,5600.242729264117,3613.9054548523873,64.46629676369466,7435.213543381706,69.25591038061069
random--la623,13089.185329939197,815.3760310911343,3529.9717354657537,3687.0807891991276,1261.0193553502913,247.0460978805314,1702.0535974713796,9343.315558062939,360.01096691272824,12909.902043230437,1570.3593914575406,11974.601935866987,7793.20388502907,12754.420049267897,59007.90517635581,57336.3769350033,4701.170627244021,7178.1815894089805,1688.8035081895803,17991.732495096923,4318.0277129092665,3359.598948301374,15095.007375539137,1122.385493475705,3596.661570620995,1425.8401026204665,4973.82551584212,11680.708584628463,889.0710263634172,8290.757634854777,7424.4883910957415,8952.723608003898,4974.106724370419,177.91087196115674,0.0,5916.9598258645165,2455.1555384992703,5395.792189332976,7649.648879523648,47.14123686885301,743.5866303714894,30655.569086527346,431.88571345223505,36075.30577283037,2468.4308827997575,5503.748381009213,107.84351555420811,476.5891566584978,5188.238785076415,1463.4216588577538,36362.25600317408,40520.1373542221,1476.355150441243,18953.1534504009,7428.349266363887,5092.030804311392,93.55374978869354,9514.75511209726,92.53506331573026
random--la625,1470.0236383462586,10906.85950911968,18370.966494021035,320.05843557419263,1804.3030853727482,8294.632236271671,1370.21416877648,29915.26504561273,3525.1306230966725,36079.93061963021,13404.21790311177,1126.050079312315,193.76945901188105,35810.22203545144,101935.14168222947,26612.007169397766,134.48895238131297,25913.975061480847,1378.7492084054206,3364.2382836695633,20142.70449897644,433.8820217001972,2201.8699234414435,11965.605299894378,18554.3410934342,12918.698817351747,21553.65314563566,1034.8266610209673,2315.1952283729647,28000.999361242208,129.97716659188373,373.6291655764068,21548.249654775194,4312.3044796391405,5916.9598258645165,0.0,817.8322365138804,22404.669537845104,26818.985255304087,5824.167779015784,2591.041907631381,63217.16559182673,9337.491835844943,12927.38669453257,820.5498046607886,22616.12430614095,7177.146048168254,3202.0089254914983,85.26076507685595,1568.3866602212736,13087.44467399867,15623.823138962,1584.1648785531825,3794.122587808523,134.82425865955574,88.8053477459804,4891.271164394834,492.07184990930233,4986.846111994637
