road,random--la102,random--la103,random--la108,random--la1017,random--la1018,random--la1020,random--la23,random--la24,random--la210,random--la211,random--la213,random--la214,random--la222,random--la35,random--la36,random--la310,random--la311,random--la318,random--la321,random--la323,random--la44,random--la56,random--la57,random--la58,random--la59,random--la517,random--la518,random--la520,random--la68,random--la614,random--la615,random--la616,random--la621,random--la622,random--la623,random--la625,random--la626,random--la72,random--la74,random--la75,random--la711,random--la716,random--la718,random--la84,random--la85,random--la813,random--la818,random--la819,random--la820,random--la821,random--la822,random--la92,random--la910,random--la912,random--la916,random--la917,random--la918,random--la921,random--la923
random--la102,0.0,2159.4745892865053,2393.8405712778545,3344.425570506975,2554.300065833072,2688.1169375336635,2541.8592423571777,4303.486201299702,2743.422195165262,3232.0115774978635,3158.333245943333,2446.962675483694,2807.75076962723,2855.1432817358595,2740.0648772599884,3397.937025435802,1809.2585138897296,2501.6708256500865,2234.5123193209038,2333.6812321354873,2391.331530040927,3105.522363275292,2777.718896158021,2337.608240558007,3076.9968781997645,2067.4446548296632,3403.6823076973155,2137.5455410100913,3552.620408686827,3404.7906641993313,2584.1966546248286,2025.77921918094,2870.294311494861,2607.4733922088776,2089.0397327315072,2574.8989384470806,4743.776098033146,2663.7532856788625,3767.2166812064943,2122.5348057227857,3269.659378661778,4648.827320390495,2663.3252270179564,3416.203252582838,2840.6356565793776,2743.355174717272,3882.101573493528,2185.85028474765,3759.7780490115288,3929.476095297549,2414.8338344111526,2539.5809945967744,3061.93491247871,2778.7746972529835,1920.5032193938478,2539.5873429400635,2195.130982235043,2089.9591337623847,1806.6583169907233
random--la103,2159.4745892865053,0.0,1076.6213534082694,1732.0476430022934,1505.1168218172602,1908.446980781733,2081.447056156189,1520.033747038282,2221.0307690909003,1686.9959393807103,1655.5710055894197,1401.4461171561431,2888.0800891948684,1152.2139513365164,1381.439048010481,2761.8450614559197,1324.4202766570327,993.016692899491,1305.2800438335883,2004.9495046074755,1518.5284554106815,2196.8847090745144,2514.0938842010974,1258.1086532392533,1328.1874891121047,1183.3224765053437,1944.2434503674006,2187.380605515303,2174.014703181758,1834.2951640041708,1618.4845203995274,2134.2018498703474,1433.8498633210736,1278.5118978505943,1702.2350795537104,1515.1941448290613,2128.707357681365,2887.93458663369,1734.1858358389213,2009.2119844901015,1847.7859666949812,1969.9655030462106,1500.3742001770208,2233.1091020067547,3145.629603813267,1880.90465036126,1947.7079454647267,1427.986152311994,1603.6816512976754,1858.9910088322692,2618.7312374309654,2501.5658105100574,1926.721484674237,1856.9792691215641,2110.433767615296,1402.1170496773923,2088.178775977517,1855.232447138524,1774.5929966048564
random--la108,2393.8405712778545,1076.6213534082694,0.0,1922.9453001458435,1341.7598724973946,2175.5293489368873,1918.9045099397467,1427.5045465712117,2228.2663485434755,1466.8293899841237,1306.6926739022638,1758.8275447877675,2327.181957876527,1469.1212296533909,790.6280511975904,3227.591897840559,1414.475997218645,890.5973198819484,1244.388736493452,1673.547099329887,1411.0117460320512,2676.7884734967074,2847.96460361575,1435.6405528197247,1270.7775300586873,946.3768613291538,1674.179438110167,1972.7988360318013,2451.654869129775,1471.7959386397752,1402.4284160401942,2051.6700708782055,1502.4741419630438,1461.9340534979174,1607.7870431417023,1205.680301275096,2070.5880335561355,1980.992597610298,1401.080013543129,2282.967255100863,1576.1238457651775,1811.946779207888,1251.2241615118637,1941.312049582765,2344.194998823924,1895.5512222910713,1868.6726025844857,1448.841558020299,1576.6708804660848,1788.7196417257476,1850.3539933307884,2131.1017826285183,2437.0718861581777,1404.641905454615,1699.1490142778025,1503.4182518548128,1425.4775864709147,2016.8013959542188,1538.095054837834
random--la1017,3344.425570506975,1732.0476430022934,1922.9453001458435,0.0,1786.6201845047658,1780.893103793107,1635.6215585280381,2117.021149888463,1349.277752151213,1294.653392164137,1825.7089745048895,1898.2710528314628,2347.3160060261557,2186.199196554836,1292.747497004321,2662.8922525641115,2141.9874704847352,1644.3091386500523,2254.209552934268,2022.9282509083653,1586.6100983762537,1865.1582668818423,3146.8725694072955,1698.6369179035132,2310.265417786611,1714.0832411596855,2377.87185719958,1883.1278553817856,1787.6643077190954,1916.5952386080437,1373.1333097679662,2024.4782852263497,1757.7202455181005,1413.0472573116376,1889.8612918215465,1766.1131026268686,2225.6015676669167,2250.456397976692,1453.2593884790258,2434.3041876311595,1485.5912442564581,2058.0143752424133,2042.6258034589498,2405.8506787764036,2252.618374993766,1824.4867799318376,1879.025609560273,1938.4315244003935,2062.812896346137,2000.4327655016186,3120.309454199797,2216.497032363601,1711.5884645397425,1931.2191607870438,2443.106853624171,1338.9718015500325,2615.785164315478,2004.303177977609,1825.6335968420838
random--la1018,2554.300065833072,1505.1168218172602,1341.7598724973946,1786.6201845047658,0.0,2230.0185851467922,1448.4743581947475,2550.723040465952,2121.9212784544857,1530.790294946955,2051.597671350455,1484.1483677658848,2471.143039869135,1685.8429064248837,1434.7381011031782,3088.3799042515843,1432.4593821412097,1407.8033597860838,1608.1521188977313,2293.4449637515627,896.4736462416652,2234.6515574042264,2686.2544086961516,1512.2184909896275,2071.757301774618,1464.4247387322146,2119.440618840475,2205.887305745068,2308.0776760680806,1796.5491101915761,1705.3883458191187,2061.588143265975,1611.4667184798673,2041.179348195451,2177.086385763338,1082.1305707541935,2618.8599632010637,2591.706967771253,2150.7514581209875,2123.496273343799,1284.4934343742116,2872.848991578783,862.0842115349114,2577.1525599600864,3011.9733882075852,2417.7995421622204,2735.427945603022,1796.2455706596652,2217.5011902071665,1953.0950114648583,2331.4651039321507,2716.470653662389,2293.307055582619,1351.8834124133084,1779.7023806810298,1889.474677350653,2240.1809888823614,2542.9489594323823,1860.2564301754308
random--la1020,2688.1169375336635,1908.446980781733,2175.5293489368873,1780.893103793107,2230.0185851467922,0.0,1947.281683898399,3084.622110827899,2007.090633761378,1852.3285333870426,2629.5051006550493,1825.4670740657373,2261.5985857072174,1998.0476235682877,1687.0403133578682,1625.8933134758272,1657.1129245832628,2035.1397955360665,2416.2372204832036,2475.6240132950425,1886.004406780619,2286.4453741201737,2362.817240587895,1990.1026964501525,2770.4218755509974,2506.513565241041,2456.69144800408,2057.550356444193,2304.9827702936827,1993.1828831054977,1289.4349309612155,1085.0133127737745,2143.260314230231,2696.2366488292205,2184.580217596185,2337.5404502537363,2306.4136450650044,1863.8219947376617,2308.924204430201,1577.0271861895662,1528.9627858656777,2781.414590676871,2006.9586772617813,1896.5538328757812,2336.6944135857275,2314.3446271511916,2685.9829175295267,1800.6465351048266,2208.7399731386718,2125.0573528240457,2583.919694077515,1540.7608582563328,2853.5421692213617,1897.7500679650923,2448.17229915694,2198.6963035764807,2612.058431026228,2057.87212254951,1779.9749235596082
random--la23,2541.8592423571777,2081.447056156189,1918.9045099397467,1635.6215585280381,1448.4743581947475,1947.281683898399,0.0,2941.227606394598,1684.316929277296,1864.1521692489941,1652.0095744740654,1661.2131540197877,2581.383040700233,2157.3599199334217,1411.942611298992,2262.788706221036,2210.3126027005387,1843.670974586491,2227.5944700710993,1885.693776828476,1579.9873149480954,1688.6167226014663,2668.8346511961795,1493.1394903601597,2297.662499222753,1595.9453716807268,2953.1537791513624,2373.6641786061723,1927.7032760519767,2016.77411806449,2221.6808654126708,1901.544539971895,1333.9794572921644,1992.5112441390856,1604.2679299012011,1615.5209858842866,2648.754649709163,2775.933845670919,2064.344080220111,2147.6679446302746,1983.4300815397553,2748.7987382664787,2119.713219927846,3425.006258859039,2503.710893591501,2080.772068656345,2696.3291753524086,2704.4740302636155,2582.7613278814497,2462.6054068674503,2743.2895730641953,2262.090316900076,2369.028285037556,1917.158836316891,1962.9161045848714,2213.262917962218,2233.4289787191096,2132.0422559574404,1901.4202177974792
random--la24,4303.486201299702,1520.033747038282,1427.5045465712117,2117.021149888463,2550.723040465952,3084.622110827899,2941.227606394598,0.0,2949.5437725092293,1316.2308915469816,1130.2540944682924,2985.6036934610565,3890.941017699805,1564.6458151045993,868.0511043139724,4419.639138391972,1883.5740159848324,1232.8855242139741,1576.5810925708888,3436.3293329828734,2793.652286532419,3242.1704710757804,3869.958810718941,1908.7248641052481,856.1212928452658,1629.5369427674068,1256.490941073743,2856.100400116408,2501.197900360146,1241.1802416548148,2180.448626042537,3495.8483323528367,1410.7545399554938,2018.765183414082,2405.278627928436,3133.273689803168,1049.7542659883663,2334.8654501098954,1283.8734976369028,3610.6216205918563,1630.3935854634142,489.81019298870166,1508.325058986317,2434.735601125828,3028.8722832511257,2525.0068821238247,1004.4704733859061,2715.897727770307,1289.325091786295,1679.7887550308897,3931.196729057514,3678.9790419528226,2347.123635318244,1735.7845586972824,3218.7998630794027,1375.215313748978,2538.4296478053116,3570.353798641542,2470.531855731358
random--la210,2743.422195165262,2221.0307690909003,2228.2663485434755,1349.277752151213,2121.9212784544857,2007.090633761378,1684.316929277296,2949.5437725092293,0.0,1339.6472811231322,2313.7780899924974,2034.2167712015205,2330.808014565382,2356.114933704224,1657.7937084757157,2612.817856778248,2275.964437027932,2083.6679576458937,2826.6900837518274,1895.9199485339848,1696.0035129937287,1425.0605187143994,2825.794431214648,1577.0929101229274,2878.4826367812984,1875.8997486865455,3143.207142214784,1661.8481848773408,2003.497996097327,2028.5242192885653,1720.1186791596215,1908.354950052176,1737.9324001471005,2388.2182335474654,1385.2603677853197,2146.7031406063206,2686.448010191576,2522.2140709745404,2453.806158319033,2786.3356209408057,1711.342910131527,2717.297868472998,2367.452418484125,3276.914547421138,2863.746147489942,2109.4927902772138,2550.487778439669,2494.3370899419856,2225.613976606463,1723.7684862335375,2650.221197142953,2560.204137452,2414.668505739423,2325.437950790232,2164.943857253529,2434.8583021682875,2548.0162829222313,1561.050917677537,1672.1264184247648
random--la211,3232.0115774978635,1686.9959393807103,1466.8293899841237,1294.653392164137,1530.790294946955,1852.3285333870426,1864.1521692489941,1316.2308915469816,1339.6472811231322,0.0,863.8249524481176,1922.7446398954414,2857.101176033704,1349.9325588290774,759.1255943841601,3767.657891772042,1717.1049279203064,989.4820001690309,1902.5507324100136,2277.065831103659,1101.7592376665111,1563.6018106837228,3204.7043949297217,1196.2703214482665,1587.4905226831931,1707.8791824602197,2127.772436885166,1991.577111112954,1409.3009692926478,724.0720301321227,1208.4126588825077,2637.5178496006893,1204.095637515862,1052.2187771948336,1540.186884984746,2314.3568450722787,1146.7682614466996,1975.5004504167384,949.5266747648709,2836.262336207485,747.8434194285917,1013.1797572342714,1385.427730401655,2394.303896302494,2155.3977193373366,1563.0205584284433,1044.9606263042767,2371.217186123765,1175.6406289780396,837.5052650509505,2696.7471379257527,2665.4947767003355,1327.3452148067524,1751.5777654058845,1801.8177183551093,1206.2569072142917,2056.64233674475,2964.274916807802,1685.4373867414247
random--la213,3158.333245943333,1655.5710055894197,1306.6926739022638,1825.7089745048895,2051.597671350455,2629.5051006550493,1652.0095744740654,1130.2540944682924,2313.7780899924974,863.8249524481176,0.0,1985.6881924347624,3245.1441248881392,1771.4565436384964,777.812047926363,3519.3127143759216,1824.0296846022836,1072.052559038637,1423.4119013137822,2215.4384361282064,1722.8286721633988,2453.6651360132596,3439.2827914368186,1729.2102104112255,1075.105162034572,1285.9075883040762,2347.0061375570563,2323.3214298523626,1830.0357123908238,1013.8872832362143,1694.1612935160172,2869.544348233206,1270.0189279916979,849.761293399628,1779.685343254035,1881.0498529815388,1454.2727372055704,2616.4680634143992,599.6170771590868,3043.0539771433687,1191.4893500501441,990.8776044406062,1626.6474252627374,2760.6535756240214,2276.8086905081727,1419.735138724217,1275.2590938327553,2086.394767628683,1792.4867253381326,1653.1932640772445,2748.982269217561,3280.614283776741,1329.4041313289872,2015.9004185235567,2315.976940299378,1177.4512098875784,1449.527254129569,3235.566698989039,1697.7592579615798
random--la214,2446.962675483694,1401.4461171561431,1758.8275447877675,1898.2710528314628,1484.1483677658848,1825.4670740657373,1661.2131540197877,2985.6036934610565,2034.2167712015205,1922.7446398954414,1985.6881924347624,0.0,3048.240934964177,1383.9207036334064,1681.4152472240382,2446.251677495267,1363.6550812376017,1434.2313922487026,1824.6991536159308,2145.793680808133,1359.8240939698246,2110.8188650896354,2617.9300212551843,1756.2560856494724,1826.8731974363477,1937.4543541160867,3040.2726277100705,1841.0560583635367,2076.2998997684376,2186.5313189309745,1724.0251526937898,1922.0169772266975,1469.6560657242683,2025.544059609938,2085.077657853889,1854.51422662768,2355.9818489352247,3391.1566815683473,2053.148675111118,1939.2552750525322,1759.5396811648066,3026.330942555148,1390.6391897514209,3269.601885100889,3809.3977626639335,2549.504318404504,2506.1170237311517,2528.0667097165942,2633.7514259542245,2350.55948745304,2812.0206897772364,2722.871768374533,1860.3099794256204,1922.7981795237006,2270.0606181931958,2447.8156570659094,2724.014998169113,2120.7367508139378,1940.078245360568
random--la222,2807.75076962723,2888.0800891948684,2327.181957876527,2347.3160060261557,2471.143039869135,2261.5985857072174,2581.383040700233,3890.941017699805,2330.808014565382,2857.101176033704,3245.1441248881392,3048.240934964177,0.0,2907.4668477879677,1945.2305607739925,2290.0636835019686,2972.3386028996247,2490.5632342371764,3632.997913841927,1844.5510755710495,2150.7633960921494,2530.3654670276524,3075.0906990447093,2919.243029042208,3222.5087448888858,2847.0247554058733,2363.6807756968656,2218.682718843982,3354.263486968572,2719.3758708721066,1732.8792298291294,1628.1466592006423,2312.904912703474,3503.1913345241323,2538.4461449203613,2011.117336199618,3835.61969046093,1711.6544889587144,3192.9725233804106,2441.4354449060174,2507.3540135957383,3634.411834937844,2705.809942547279,2169.718964487843,2041.1968491852765,2357.889178966785,4025.467101456859,2029.6544252016292,3468.4407367072263,2717.829349899607,2779.2527899468546,2421.161032203152,3796.949619046946,2948.283901356717,2421.4376014569193,2213.248134015898,2227.006149024437,2968.559777370985,2790.7712260225185
random--la35,2855.1432817358595,1152.2139513365164,1469.1212296533909,2186.199196554836,1685.8429064248837,1998.0476235682877,2157.3599199334217,1564.6458151045993,2356.114933704224,1349.9325588290774,1771.4565436384964,1383.9207036334064,2907.4668477879677,0.0,1242.0994669229285,3079.835039870199,1385.4966025010303,782.0435903528776,1397.4694772821267,3289.3351795770586,1844.567433998181,1954.0780537725022,2532.5416014111174,1034.8650511758178,1156.4766643351893,1636.072551092375,1814.3179441851996,1985.7586157449198,1474.4942824267357,1507.6302634574438,1734.3025624681713,2520.085274861313,1136.0522867454417,2469.6164205488594,2735.731103257579,2720.789849975853,1659.1220932864906,2500.0093266817476,1513.1235311881956,2533.7312982913845,1510.4141228351841,1412.0860254545717,1371.732922171919,2776.1753813959767,3487.37655882756,1902.6060708278037,1508.8330936249447,1982.4953712713518,2271.93854903208,2039.6979896690511,2822.4957944489697,2924.145513055555,1567.3555450429612,2029.9114171576864,2970.0035397635734,2415.88109028885,2630.652696381842,2601.8261507321718,1998.4874283151496
random--la36,2740.0648772599884,1381.439048010481,790.6280511975904,1292.747497004321,1434.7381011031782,1687.0403133578682,1411.942611298992,868.0511043139724,1657.7937084757157,759.1255943841601,777.812047926363,1681.4152472240382,1945.2305607739925,1242.0994669229285,0.0,3313.159772463073,1415.3880605489812,1094.8953532062067,1640.458459601214,1747.3499424143288,1106.9687521878284,1479.6720470142886,3033.3345461952363,998.0398950042168,1168.290572764541,1056.663904259316,1296.0641480220631,1902.4310156703673,1401.3510200528576,916.4759695088809,1310.1952486995467,2467.125089912569,555.9423930299812,1196.8394619737082,1474.0485776544758,1277.64896971925,930.8980710335665,1663.274241138216,820.7943861026183,2771.27218106216,760.7384314660287,772.4410805441689,1112.2180698882303,1802.4047666216145,1765.179283047445,1297.3811063173969,1034.9110047976822,1881.8827668760587,1365.4105225288777,1068.5562882500165,2546.544675031801,2445.227424828472,1046.3801601457053,1547.44830241133,1793.6583061703898,1271.6103757017754,1483.6817103920494,2665.744408685184,1720.7718360139647
random--la310,3397.937025435802,2761.8450614559197,3227.591897840559,2662.8922525641115,3088.3799042515843,1625.8933134758272,2262.788706221036,4419.639138391972,2612.817856778248,3767.657891772042,3519.3127143759216,2446.251677495267,2290.0636835019686,3079.835039870199,3313.159772463073,0.0,2838.5893974463884,2913.1156519273245,2842.555655057452,2604.8783543982527,3042.961132239498,2851.760395397909,2576.7719895349674,3379.418327896924,3708.163849121376,3568.68518226611,3845.6094871293876,2648.4803282980924,3726.3038139383793,3949.0933785453835,2708.8226187706823,2017.7982372788488,3179.618176567036,2871.713710635993,3056.084331676566,3471.7463998455146,4278.19280879434,2920.245308034672,4018.533003459864,2358.915761506223,3396.8787243174356,4366.582320901338,3581.4555932510257,3086.5089928762727,3001.216991169542,2948.36880313161,3967.531417424214,2837.306084414432,3650.022611701796,3788.654195293075,3008.421680812273,2034.6367873660129,3701.0430889251857,2682.928639448702,3432.5178700668275,3345.8036635629783,3682.3966957577554,3040.5058141830964,2429.33662640162
random--la311,1809.2585138897296,1324.4202766570327,1414.475997218645,2141.9874704847352,1432.4593821412097,1657.1129245832628,2210.3126027005387,1883.5740159848324,2275.964437027932,1717.1049279203064,1824.0296846022836,1363.6550812376017,2972.3386028996247,1385.4966025010303,1415.3880605489812,2838.5893974463884,0.0,1118.5405122940297,1620.182665028681,2581.4639464689826,1315.629138020368,2260.327037649538,2100.762231116939,1797.6688994997448,1800.4683789636724,1885.9844463184706,2098.7394107534287,1795.7554428851797,2052.1313907632525,1476.032666018994,1698.3182618197968,1754.8683704012071,1691.170049577385,2046.4041600922305,2426.9761465868532,1813.5552768337604,2099.0193554918783,2951.366705455964,1897.6881395528444,2123.9582995681426,1207.4348861970554,2003.1648233572785,1140.7400946776716,2830.6299103971687,3428.766626587049,2456.1150758113386,1901.8360842866232,1917.6206196090104,2320.5490671355774,2062.26439208343,1980.184595834545,2113.0261039629263,1992.4933608628387,1231.4373775683227,1917.3271995083746,2050.090455730832,2547.3562053435235,1421.7258380826077,1688.472815114897
random--la318,2501.6708256500865,993.016692899491,890.5973198819484,1644.3091386500523,1407.8033597860838,2035.1397955360665,1843.670974586491,1232.8855242139741,2083.6679576458937,989.4820001690309,1072.052559038637,1434.2313922487026,2490.5632342371764,782.0435903528776,1094.8953532062067,2913.1156519273245,1118.5405122940297,0.0,1385.4253930724738,2469.732341268348,1076.7849064172638,2221.5298509033473,2867.5994024594693,949.1420145176791,1252.6167517034658,1243.8175962807163,1123.9000670680748,1954.4159115595132,1519.9628379656576,1087.4836737207772,1380.5378328126185,2266.4568740810428,1296.3407022429803,1455.5957991656203,2122.435078071555,1718.0911262271843,1436.6476843388093,1839.7346033675556,1042.6769211553467,2177.4381807969553,1011.6038831444697,1194.8820335345752,1174.7606249892503,1634.7970306354055,2550.170020711604,1539.1581551236366,1435.5894756553723,1538.7102308765766,1791.6861355810333,1658.553527181195,2325.496069147189,2516.0241472033526,1879.9940392938104,1525.0686792473819,1940.989620051617,1348.906344659759,1877.8626034272384,2057.359392226358,1722.4028257483683
random--la321,2234.5123193209038,1305.2800438335883,1244.388736493452,2254.209552934268,1608.1521188977313,2416.2372204832036,2227.5944700710993,1576.5810925708888,2826.6900837518274,1902.5507324100136,1423.4119013137822,1824.6991536159308,3632.997913841927,1397.4694772821267,1640.458459601214,2842.555655057452,1620.182665028681,1385.4253930724738,0.0,2829.90446092042,1849.4097898550328,2742.378270654044,2498.6041143866146,1715.3359508662566,1518.7041658679286,1461.4344839909804,2281.1593929159544,1856.7585880447843,2566.0201849250784,1976.033872875943,1765.134997427558,2350.322306818721,1561.124436738752,1302.3784815608144,1794.4746950439626,2207.618100849084,2264.7330377943954,3047.6060838686158,1944.2656646214787,2519.464067454817,2309.494517493493,1740.386762775561,1793.3434357224992,3158.092442418355,3336.5303136646935,2230.0196522493397,1944.9822323932824,1534.4888519301348,1992.8780078692373,2491.207007168498,2048.8892745943112,3170.002370493902,1831.4195804098974,1670.0616989295513,1527.288407115897,1543.0742008910893,2063.1570246219994,2301.638300252875,1767.8953077915305
random--la323,2333.6812321354873,2004.9495046074755,1673.547099329887,2022.9282509083653,2293.4449637515627,2475.6240132950425,1885.693776828476,3436.3293329828734,1895.9199485339848,2277.065831103659,2215.4384361282064,2145.793680808133,1844.5510755710495,3289.3351795770586,1747.3499424143288,2604.8783543982527,2581.4639464689826,2469.732341268348,2829.90446092042,0.0,1414.960124478532,2157.3622163336186,2026.768838939357,1773.3429622834146,3344.6933916013627,1727.0862402406106,2633.935356201269,1977.7011256360902,2724.118791109784,1981.4343135758106,2051.3521156162,1673.643838940943,1696.9165844714264,1883.336266117155,1659.9026679828182,1876.0981579322267,3354.7380208157238,1991.156151667598,2356.1801752555602,2126.12472756374,2302.030180475996,3051.783751218843,2803.578396787916,2419.097536361959,1433.2698896603172,1427.4372224778813,3365.2879564653317,1739.6254027993728,2920.1170420826743,2840.0656928932976,2178.1780151890543,1891.583973405127,3263.498778545455,2312.693571433994,1463.1594948392208,1424.2357256367745,2071.788489175959,1871.6924252115093,2058.755786383594
random--la44,2391.331530040927,1518.5284554106815,1411.0117460320512,1586.6100983762537,896.4736462416652,1886.004406780619,1579.9873149480954,2793.652286532419,1696.0035129937287,1101.7592376665111,1722.8286721633988,1359.8240939698246,2150.7633960921494,1844.567433998181,1106.9687521878284,3042.961132239498,1315.629138020368,1076.7849064172638,1849.4097898550328,1414.960124478532,0.0,1284.0430835200655,2427.009857471802,1351.7926452353738,2482.5691388691107,1873.8715698093774,1825.4382386807465,1872.4708367176581,1438.4041851451036,1243.2746879859942,1498.506431525972,1899.0690460581898,1498.8097568513028,1617.2899166133002,1256.3013572754758,1631.5225870158279,2413.0871092525513,2084.3367961815215,1587.8836456939216,2168.2429859378944,1291.8551796996685,2745.809382576507,1084.7281214275474,2347.888587770245,2107.1400906745457,1448.3014510003975,2354.091327672681,1729.6315408247121,2193.582034391214,1733.1743774974977,2020.8208069793131,2352.756283501005,1775.7941793237947,1552.0571302567478,1244.6063568621637,1591.2478929244012,2101.5289475595446,1834.2457105911255,1652.9247505678236
random--la56,3105.522363275292,2196.8847090745144,2676.7884734967074,1865.1582668818423,2234.6515574042264,2286.4453741201737,1688.6167226014663,3242.1704710757804,1425.0605187143994,1563.6018106837228,2453.6651360132596,2110.8188650896354,2530.3654670276524,1954.0780537725022,1479.6720470142886,2851.760395397909,2260.327037649538,2221.5298509033473,2742.378270654044,2157.3622163336186,1284.0430835200655,0.0,2858.1951543274936,1273.1781475654527,2697.209751826471,2623.890890065928,3713.8783439904273,2136.0210947450346,1173.3986986592581,2420.7797654683795,2103.9089151250523,2572.2030407723632,1244.0256270039788,2518.0989021075598,1669.7789504428047,2667.448641076246,2206.034875898754,2917.7773327800996,2278.440394618835,3228.448134535027,1831.983940370927,2866.00881141469,1965.470665998911,3339.222844216161,2812.762317306957,1926.585844616323,2179.7919707261053,2987.951106208124,2780.8506904901506,1775.751125766414,3422.745639982806,2831.3322186222144,1676.500056641846,2782.0190217217046,2267.19920833647,2304.8806081347425,3264.843382921808,2287.906595885592,2202.4278287725324
random--la57,2777.718896158021,2514.0938842010974,2847.96460361575,3146.8725694072955,2686.2544086961516,2362.817240587895,2668.8346511961795,3869.958810718941,2825.794431214648,3204.7043949297217,3439.2827914368186,2617.9300212551843,3075.0906990447093,2532.5416014111174,3033.3345461952363,2576.7719895349674,2100.762231116939,2867.5994024594693,2498.6041143866146,2026.768838939357,2427.009857471802,2858.1951543274936,0.0,2845.3751762646934,3120.3945073884265,2893.3313593859298,3682.395941246106,2838.188772223209,3569.1234517136154,3111.2064102034324,2939.227364336135,2435.5835865651375,2960.7062677813983,3224.734692054464,2866.305332815345,2921.799651590106,3694.658033157835,3163.913890880456,3626.236510288737,2227.143316731738,2877.1349217939387,4136.718151662994,2946.0998498925896,3406.607916664828,3407.4337924484657,2766.9216051906556,3876.6728679588705,2472.674595735143,3848.4490996151285,3421.8037265395737,3031.5408900422726,2608.39955617263,3590.4997477882657,2515.696438815378,2605.2832267104304,2944.413744407188,2681.287450478578,2420.308937640216,2811.7190748852877
random--la58,2337.608240558007,1258.1086532392533,1435.6405528197247,1698.6369179035132,1512.2184909896275,1990.1026964501525,1493.1394903601597,1908.7248641052481,1577.0929101229274,1196.2703214482665,1729.2102104112255,1756.2560856494724,2919.243029042208,1034.8650511758178,998.0398950042168,3379.418327896924,1797.6688994997448,949.1420145176791,1715.3359508662566,1773.3429622834146,1351.7926452353738,1273.1781475654527,2845.3751762646934,0.0,1880.113823811965,1381.0004277154703,2497.9369834076147,2091.877228467471,1093.7051041889215,1419.7712316257282,1591.2546200765744,2453.032753428938,1196.2934481589518,1502.7206476761041,1248.8902571657059,2139.3779805937243,1803.8667596043329,2432.379366072112,1569.9626642514322,2499.276821432463,963.2378627364817,1982.8434600409403,1101.0306204413434,2933.948402054026,2789.837205098543,1896.40617402401,1477.90863033823,1925.7133238992867,1666.789968774546,1122.6766061237113,2848.3810167510783,2793.237340307875,1572.8273997872627,1872.140550258641,2190.3844851490194,1869.4029895218441,2124.944004262343,2283.714100955699,1831.124595626728
random--la59,3076.9968781997645,1328.1874891121047,1270.7775300586873,2310.265417786611,2071.757301774618,2770.4218755509974,2297.662499222753,856.1212928452658,2878.4826367812984,1587.4905226831931,1075.105162034572,1826.8731974363477,3222.5087448888858,1156.4766643351893,1168.290572764541,3708.163849121376,1800.4683789636724,1252.6167517034658,1518.7041658679286,3344.6933916013627,2482.5691388691107,2697.209751826471,3120.3945073884265,1880.113823811965,0.0,1357.5515772849665,1363.6807814035549,2455.0333736624607,2101.243007515808,1573.4907180341727,2116.372518264957,2845.9670361557683,1397.9647401447323,1928.1976640393357,2578.4641667148594,2379.5574800695244,1439.903830908729,2297.6321098323942,1264.1938607536063,2861.8589397081705,1808.797182885527,1221.871003147697,1472.9320059132792,2245.9135921053858,3196.0201816888425,1905.1740655402302,1006.2252724751678,2369.243466341993,1710.4308884145212,2054.251327356784,2909.3811268488,3501.908660783195,1611.761548391424,2214.7819743186747,2852.531460428677,1909.0840007396812,2291.965907961406,2986.2414263773194,1847.0157558386925
random--la517,2067.4446548296632,1183.3224765053437,946.3768613291538,1714.0832411596855,1464.4247387322146,2506.513565241041,1595.9453716807268,1629.5369427674068,1875.8997486865455,1707.8791824602197,1285.9075883040762,1937.4543541160867,2847.0247554058733,1636.072551092375,1056.663904259316,3568.68518226611,1885.9844463184706,1243.8175962807163,1461.4344839909804,1727.0862402406106,1873.8715698093774,2623.890890065928,2893.3313593859298,1381.0004277154703,1357.5515772849665,0.0,2397.555234694456,2129.881153638877,2522.1413913710066,1818.9001635235174,1903.5101605971695,2334.452901640289,1597.4438626040744,1216.830052525371,1637.8274770655887,1240.3458879390769,2279.2536896487577,1869.8963563142881,1564.2061917498368,2443.0336818535143,1963.9771384168323,1718.2183401042532,1714.87053311423,2718.701813591709,2977.924740083052,2084.750832081628,1810.7462860815403,1747.454966696122,1562.216793504524,2114.008677184778,1867.044071382614,2837.135629180677,2146.9855649049146,1619.9143086242577,1723.7119681853142,1778.5566172706376,1402.775159880368,2439.378527175651,1593.912155667942
random--la518,3403.6823076973155,1944.2434503674006,1674.179438110167,2377.87185719958,2119.440618840475,2456.69144800408,2953.1537791513624,1256.490941073743,3143.207142214784,2127.772436885166,2347.0061375570563,3040.2726277100705,2363.6807756968656,1814.3179441851996,1296.0641480220631,3845.6094871293876,2098.7394107534287,1123.9000670680748,2281.1593929159544,2633.935356201269,1825.4382386807465,3713.8783439904273,3682.395941246106,2497.9369834076147,1363.6807814035549,2397.555234694456,0.0,2710.013528976536,2623.7608481741695,1199.1020199944717,1805.7533251335774,2659.5010127890514,1727.359967814872,2200.5378289374244,2359.495979127026,2001.903466153182,1908.6087661684671,1781.782814493293,1983.6986517824914,2423.8021977169697,1470.2877596954058,1596.8985507884397,1574.35907090439,1947.1715474227526,1727.6847527115146,1899.1379677656882,1725.3544451827806,2040.9518427643586,2293.8258088629273,2290.4068013265696,2770.24610050971,2679.777097921063,2786.54948572068,2445.6838284537785,2711.883723084446,1626.4388866624554,1057.8374190550321,3455.531416105725,2615.2823095546087
random--la520,2137.5455410100913,2187.380605515303,1972.7988360318013,1883.1278553817856,2205.887305745068,2057.550356444193,2373.6641786061723,2856.100400116408,1661.8481848773408,1991.577111112954,2323.3214298523626,1841.0560583635367,2218.682718843982,1985.7586157449198,1902.4310156703673,2648.4803282980924,1795.7554428851797,1954.4159115595132,1856.7585880447843,1977.7011256360902,1872.4708367176581,2136.0210947450346,2838.188772223209,2091.877228467471,2455.0333736624607,2129.881153638877,2710.013528976536,0.0,2502.1371444817896,2106.4434366723735,1714.3329951826752,1819.4095789044452,2235.9262586920822,2529.137192961606,1942.9210581649231,2091.908789949203,2754.9995173837447,3037.9897738571817,2472.656100156193,2117.973149961105,2341.6099672373953,3004.2761249437544,2018.7456945767112,3075.5853836632864,3042.416284477177,2663.636836037506,2704.213734166597,1882.1021731080389,2731.6303043366247,2752.4049147311052,1957.3080272065827,2505.527468509755,2500.3958701419997,1802.6621227690537,2331.3780748692793,2711.510660488633,1896.6521798519982,2038.1897658266573,1336.8915069968043
random--la68,3552.620408686827,2174.014703181758,2451.654869129775,1787.6643077190954,2308.0776760680806,2304.9827702936827,1927.7032760519767,2501.197900360146,2003.497996097327,1409.3009692926478,1830.0357123908238,2076.2998997684376,3354.263486968572,1474.4942824267357,1401.3510200528576,3726.3038139383793,2052.1313907632525,1519.9628379656576,2566.0201849250784,2724.118791109784,1438.4041851451036,1173.3986986592581,3569.1234517136154,1093.7051041889215,2101.243007515808,2522.1413913710066,2623.7608481741695,2502.1371444817896,0.0,1894.9520852464575,2154.8423240177385,3170.8881724793237,1443.4018815835054,2243.8229456453478,1928.121054946285,3404.778856055665,1623.456801450403,3190.1568675006665,1372.9694104163955,3061.8374956520956,1562.7055949633382,1927.0253385346446,1717.2867708880835,3408.6285005946265,3421.8064239363716,2160.9417711725996,1598.6843394200002,3318.5960119550296,2554.5707681428016,1662.9709092456283,3383.4748669807364,3067.2591164802366,1452.574641383205,2847.6437115962754,3018.67721297041,2447.61242736238,2938.751203962173,2422.0482250315404,2291.181624255172
random--la614,3404.7906641993313,1834.2951640041708,1471.7959386397752,1916.5952386080437,1796.5491101915761,1993.1828831054977,2016.77411806449,1241.1802416548148,2028.5242192885653,724.0720301321227,1013.8872832362143,2186.5313189309745,2719.3758708721066,1507.6302634574438,916.4759695088809,3949.0933785453835,1476.032666018994,1087.4836737207772,1976.033872875943,1981.4343135758106,1243.2746879859942,2420.7797654683795,3111.2064102034324,1419.7712316257282,1573.4907180341727,1818.9001635235174,1199.1020199944717,2106.4434366723735,1894.9520852464575,0.0,1661.862706256021,2378.710616786547,1428.2156934263746,935.5292943615378,2066.2850480139814,2572.4029962978148,1367.3042672442366,1690.4045181987808,909.1550426979333,2920.586681764948,935.5830394969219,1051.4573796930838,1617.305851056467,1721.1725529360374,2336.5954625415293,1530.0270841698818,1387.3595539231285,2101.8785508986416,1309.727386769899,1180.913399212672,2896.3587312428535,2423.665766412098,2145.198351860838,1475.195697737676,2428.972356844263,1024.5753623144199,1709.2734552890445,2372.673289781753,2259.800975777961
random--la615,2584.1966546248286,1618.4845203995274,1402.4284160401942,1373.1333097679662,1705.3883458191187,1289.4349309612155,2221.6808654126708,2180.448626042537,1720.1186791596215,1208.4126588825077,1694.1612935160172,1724.0251526937898,1732.8792298291294,1734.3025624681713,1310.1952486995467,2708.8226187706823,1698.3182618197968,1380.5378328126185,1765.134997427558,2051.3521156162,1498.506431525972,2103.9089151250523,2939.227364336135,1591.2546200765744,2116.372518264957,1903.5101605971695,1805.7533251335774,1714.3329951826752,2154.8423240177385,1661.862706256021,0.0,1382.5045597982653,1842.6778751945221,1734.656379592738,1910.2466066422153,1871.5841437868626,2067.6765493276994,1767.0615030411066,1863.3192090007183,2308.0113932499908,1326.115661098994,2106.870353984962,1426.7342780993934,1492.3057571207985,1818.7361863507826,1378.6025990577111,2176.6761051707676,1375.9315299243933,1594.92039035695,1931.6631145492358,2231.782106609088,1838.1298097047984,2365.013219576645,1949.7237223515515,1785.7939651457114,1433.069554164249,1944.8926500097252,2198.9819864638584,1811.823679903928
random--la616,2025.77921918094,2134.2018498703474,2051.6700708782055,2024.4782852263497,2061.588143265975,1085.0133127737745,1901.544539971895,3495.8483323528367,1908.354950052176,2637.5178496006893,2869.544348233206,1922.0169772266975,1628.1466592006423,2520.085274861313,2467.125089912569,2017.7982372788488,1754.8683704012071,2266.4568740810428,2350.322306818721,1673.643838940943,1899.0690460581898,2572.2030407723632,2435.5835865651375,2453.032753428938,2845.9670361557683,2334.452901640289,2659.5010127890514,1819.4095789044452,3170.8881724793237,2378.710616786547,1382.5045597982653,0.0,2217.801442831098,2544.4627055207484,2301.9384285441643,1792.935448110097,3458.089780194912,2560.2483371441685,3182.4191907796608,1291.8402292400908,2004.6045967049547,3514.608117003572,2312.832231623986,2178.2426735133663,2633.861558061282,2322.561263775898,3144.168624704236,1525.058632959819,3096.4111697017934,2851.5010827165775,2155.6721381451944,1378.562532075149,3320.570291342112,1575.7008307344172,2162.2850647972277,2503.096897521218,2511.831000799977,1848.9747087945384,1612.227699730425
random--la621,2870.294311494861,1433.8498633210736,1502.4741419630438,1757.7202455181005,1611.4667184798673,2143.260314230231,1333.9794572921644,1410.7545399554938,1737.9324001471005,1204.095637515862,1270.0189279916979,1469.6560657242683,2312.904912703474,1136.0522867454417,555.9423930299812,3179.618176567036,1691.170049577385,1296.3407022429803,1561.124436738752,1696.9165844714264,1498.8097568513028,1244.0256270039788,2960.7062677813983,1196.2934481589518,1397.9647401447323,1597.4438626040744,1727.359967814872,2235.9262586920822,1443.4018815835054,1428.2156934263746,1842.6778751945221,2217.801442831098,0.0,1431.411897142919,1555.132686749587,1995.1698179791558,1396.1378421007516,2113.9397167147863,1207.3732935029407,2699.764269653403,1124.0761418922975,1231.4570688243086,1329.1099645455527,2725.0916765606253,2656.544208154121,1447.387269097713,1539.9736997908517,2176.3998812109357,1806.0447460136195,1465.236220900542,3311.2866610286487,2572.4179175990607,1185.7156614890157,1842.0488197017607,2311.2212146471707,1611.909431302939,1776.6787926796956,2478.1439779658635,2042.3602051892217
random--la622,2607.4733922088776,1278.5118978505943,1461.9340534979174,1413.0472573116376,2041.179348195451,2696.2366488292205,1992.5112441390856,2018.765183414082,2388.2182335474654,1052.2187771948336,849.761293399628,2025.544059609938,3503.1913345241323,2469.6164205488594,1196.8394619737082,2871.713710635993,2046.4041600922305,1455.5957991656203,1302.3784815608144,1883.336266117155,1617.2899166133002,2518.0989021075598,3224.734692054464,1502.7206476761041,1928.1976640393357,1216.830052525371,2200.5378289374244,2529.137192961606,2243.8229456453478,935.5292943615378,1734.656379592738,2544.4627055207484,1431.411897142919,0.0,1605.7448145021117,2436.6853593480146,2459.5504082401617,2107.0693398757944,1254.2185493439417,2809.6278325174017,1596.765620977899,1690.3661441938461,1869.0004176226355,2267.546556495896,1793.7756686784357,1142.199173934294,2132.7307753967143,1426.770444653207,1732.8653737816728,1795.6071778593644,2717.0542080046434,3199.498765707586,2049.05622934794,1978.4204136608676,2058.1927125270704,1165.8919690977557,1795.0759161195392,2632.535926966448,1958.296918781998
random--la623,2089.0397327315072,1702.2350795537104,1607.7870431417023,1889.8612918215465,2177.086385763338,2184.580217596185,1604.2679299012011,2405.278627928436,1385.2603677853197,1540.186884984746,1779.685343254035,2085.077657853889,2538.4461449203613,2735.731103257579,1474.0485776544758,3056.084331676566,2426.9761465868532,2122.435078071555,1794.4746950439626,1659.9026679828182,1256.3013572754758,1669.7789504428047,2866.305332815345,1248.8902571657059,2578.4641667148594,1637.8274770655887,2359.495979127026,1942.9210581649231,1928.121054946285,2066.2850480139814,1910.2466066422153,2301.9384285441643,1555.132686749587,1605.7448145021117,0.0,2074.6625444024157,2649.5273240389392,1834.3459543605709,2238.1708187050735,2421.8416599693496,1625.8967013751585,2216.619821140703,2152.3198846263176,2648.5759298925977,1976.3938241934738,1660.6933232722301,2440.2021225826556,2001.5439967597172,2133.828001107084,1998.4780437531183,1861.766444301087,2415.280296181445,2053.5703726567635,1936.4483372418172,1309.339843891662,1708.8552897597222,2098.359689154764,1272.3228927317327,1318.4938835437936
