road,random--la18,random--la1018,random--la214,random--la219,random--la222,random--la31,random--la310,random--la311,random--la322,random--la46,random--la49,random--la412,random--la57,random--la510,random--la511,random--la520,random--la61,random--la610,random--la616,random--la619,random--la627,random--la711,random--la714,random--la84,random--la811,random--la813,random--la814,random--la822,random--la921,random--la922
random--la18,1.0,0.75625,0.7347826086956522,0.74,0.8,0.7333333333333334,0.7739130434782608,0.7695652173913043,0.7304347826086957,0.7705882352941177,0.7444444444444445,0.7952380952380953,0.7521739130434782,0.7476190476190476,0.7608695652173914,0.76,0.7714285714285715,0.7347826086956522,0.7521739130434782,0.7888888888888889,0.8,0.7666666666666666,0.76,0.7681818181818182,0.76,0.8133333333333334,0.7833333333333333,0.6727272727272727,0.7391304347826086,0.8
random--la1018,0.75625,1.0,0.74375,0.70625,0.80625,0.725,0.7625,0.7625,0.78125,0.73125,0.8,0.85,0.8,0.75,0.8375,0.7875,0.81875,0.76875,0.76875,0.73125,0.7625,0.7333333333333334,0.7533333333333333,0.70625,0.7533333333333333,0.76,0.75625,0.7875,0.7375,0.825
random--la214,0.7347826086956522,0.74375,1.0,0.8,0.8,0.7571428571428571,0.7958333333333334,0.7869565217391304,0.7565217391304347,0.7352941176470589,0.8111111111111111,0.780952380952381,0.8,0.7571428571428571,0.8333333333333334,0.755,0.7476190476190476,0.775,0.7625,0.7666666666666666,0.8058823529411765,0.7733333333333333,0.7866666666666666,0.7363636363636363,0.8066666666666666,0.78,0.8111111111111111,0.759090909090909,0.8,0.7473684210526316
random--la219,0.74,0.70625,0.8,1.0,0.7421052631578947,0.795,0.765,0.775,0.775,0.7588235294117647,0.75,0.8,0.8,0.79,0.8049999999999999,0.74,0.8049999999999999,0.785,0.765,0.7666666666666666,0.7941176470588236,0.76,0.8,0.7150000000000001,0.8333333333333334,0.7866666666666666,0.7666666666666666,0.76,0.8,0.7578947368421053
random--la222,0.8,0.80625,0.8,0.7421052631578947,1.0,0.7526315789473684,0.736842105263158,0.7736842105263158,0.7421052631578947,0.7235294117647059,0.7388888888888889,0.7315789473684211,0.8052631578947369,0.7578947368421053,0.7631578947368421,0.7210526315789474,0.7421052631578947,0.7473684210526316,0.7631578947368421,0.7888888888888889,0.7588235294117647,0.7333333333333334,0.7333333333333334,0.7,0.74,0.76,0.7666666666666666,0.7473684210526316,0.7842105263157895,0.7473684210526316
random--la31,0.7333333333333334,0.725,0.7571428571428571,0.795,0.7526315789473684,1.0,0.7523809523809524,0.7285714285714286,0.7380952380952381,0.7411764705882353,0.7833333333333333,0.7476190476190476,0.7619047619047619,0.7380952380952381,0.7571428571428571,0.74,0.7523809523809524,0.7380952380952381,0.7761904761904762,0.7277777777777779,0.7941176470588236,0.7466666666666666,0.8,0.7095238095238094,0.76,0.8266666666666667,0.7555555555555555,0.7476190476190476,0.8047619047619048,0.736842105263158
random--la310,0.7739130434782608,0.7625,0.7958333333333334,0.765,0.736842105263158,0.7523809523809524,1.0,0.7608695652173914,0.7,0.7705882352941177,0.7666666666666666,0.7428571428571429,0.7461538461538462,0.7428571428571429,0.775,0.78,0.7333333333333334,0.744,0.7375,0.8444444444444444,0.7941176470588236,0.7733333333333333,0.8,0.7090909090909091,0.7666666666666666,0.8933333333333333,0.7388888888888889,0.7545454545454545,0.7230769230769231,0.7578947368421053
random--la311,0.7695652173913043,0.7625,0.7869565217391304,0.775,0.7736842105263158,0.7285714285714286,0.7608695652173914,1.0,0.7521739130434782,0.7411764705882353,0.75,0.7476190476190476,0.8,0.7857142857142857,0.8217391304347826,0.725,0.7380952380952381,0.7478260869565218,0.7652173913043478,0.8111111111111111,0.7764705882352941,0.78,0.8066666666666666,0.7727272727272727,0.7866666666666666,0.84,0.7833333333333333,0.7227272727272727,0.7652173913043478,0.8
random--la322,0.7304347826086957,0.78125,0.7565217391304347,0.775,0.7421052631578947,0.7380952380952381,0.7,0.7521739130434782,1.0,0.7705882352941177,0.7055555555555555,0.7238095238095238,0.7130434782608696,0.7523809523809524,0.7695652173913043,0.725,0.7857142857142857,0.7608695652173914,0.7434782608695651,0.7333333333333334,0.7764705882352941,0.7933333333333333,0.8066666666666666,0.7136363636363636,0.78,0.7733333333333333,0.7555555555555555,0.7,0.8043478260869565,0.7736842105263158
random--la46,0.7705882352941177,0.73125,0.7352941176470589,0.7588235294117647,0.7235294117647059,0.7411764705882353,0.7705882352941177,0.7411764705882353,0.7705882352941177,1.0,0.7647058823529411,0.7176470588235294,0.7941176470588236,0.7705882352941177,0.7529411764705882,0.7176470588235294,0.7176470588235294,0.7294117647058824,0.7764705882352941,0.8705882352941177,0.8294117647058823,0.7333333333333334,0.7866666666666666,0.7058823529411764,0.78,0.7066666666666667,0.7529411764705882,0.8,0.711764705882353,0.7647058823529411
random--la49,0.7444444444444445,0.8,0.8111111111111111,0.75,0.7388888888888889,0.7833333333333333,0.7666666666666666,0.75,0.7055555555555555,0.7647058823529411,1.0,0.7888888888888889,0.7722222222222223,0.7944444444444445,0.8222222222222222,0.7888888888888889,0.7833333333333333,0.7611111111111111,0.7722222222222223,0.7888888888888889,0.7823529411764706,0.7066666666666667,0.7466666666666666,0.7444444444444445,0.7733333333333333,0.78,0.7944444444444445,0.7666666666666666,0.8055555555555556,0.7555555555555555
random--la412,0.7952380952380953,0.85,0.780952380952381,0.8,0.7315789473684211,0.7476190476190476,0.7428571428571429,0.7476190476190476,0.7238095238095238,0.7176470588235294,0.7888888888888889,1.0,0.7761904761904762,0.7619047619047619,0.8142857142857143,0.73,0.7571428571428571,0.7666666666666666,0.7619047619047619,0.75,0.7823529411764706,0.78,0.8066666666666666,0.7142857142857143,0.7733333333333333,0.7533333333333333,0.8444444444444444,0.7428571428571429,0.7571428571428571,0.7473684210526316
random--la57,0.7521739130434782,0.8,0.8,0.8,0.8052631578947369,0.7619047619047619,0.7461538461538462,0.8,0.7130434782608696,0.7941176470588236,0.7722222222222223,0.7761904761904762,1.0,0.780952380952381,0.7916666666666666,0.78,0.7571428571428571,0.792,0.775,0.8388888888888889,0.8235294117647058,0.7733333333333333,0.8,0.7272727272727273,0.8533333333333333,0.78,0.8111111111111111,0.759090909090909,0.7653846153846153,0.7736842105263158
random--la510,0.7476190476190476,0.75,0.7571428571428571,0.79,0.7578947368421053,0.7380952380952381,0.7428571428571429,0.7857142857142857,0.7523809523809524,0.7705882352941177,0.7944444444444445,0.7619047619047619,0.780952380952381,1.0,0.7857142857142857,0.76,0.719047619047619,0.7571428571428571,0.7619047619047619,0.8055555555555556,0.7764705882352941,0.7066666666666667,0.8133333333333334,0.6857142857142857,0.7666666666666666,0.8066666666666666,0.7777777777777778,0.680952380952381,0.7380952380952381,0.7631578947368421
random--la511,0.7608695652173914,0.8375,0.8333333333333334,0.8049999999999999,0.7631578947368421,0.7571428571428571,0.775,0.8217391304347826,0.7695652173913043,0.7529411764705882,0.8222222222222222,0.8142857142857143,0.7916666666666666,0.7857142857142857,1.0,0.76,0.7952380952380953,0.7833333333333333,0.7708333333333334,0.8,0.7764705882352941,0.7466666666666666,0.8133333333333334,0.7227272727272727,0.8266666666666667,0.78,0.8055555555555556,0.7545454545454545,0.7708333333333334,0.7421052631578947
random--la520,0.76,0.7875,0.755,0.74,0.7210526315789474,0.74,0.78,0.725,0.725,0.7176470588235294,0.7888888888888889,0.73,0.78,0.76,0.76,1.0,0.755,0.775,0.75,0.7444444444444445,0.7764705882352941,0.8066666666666666,0.7933333333333333,0.71,0.7333333333333334,0.7666666666666666,0.7166666666666667,0.7050000000000001,0.81,0.7157894736842105
random--la61,0.7714285714285715,0.81875,0.7476190476190476,0.8049999999999999,0.7421052631578947,0.7523809523809524,0.7333333333333334,0.7380952380952381,0.7857142857142857,0.7176470588235294,0.7833333333333333,0.7571428571428571,0.7571428571428571,0.719047619047619,0.7952380952380953,0.755,1.0,0.8238095238095238,0.7666666666666666,0.7833333333333333,0.7176470588235294,0.8,0.7866666666666666,0.7476190476190476,0.72,0.8133333333333334,0.7611111111111111,0.6952380952380952,0.7571428571428571,0.7315789473684211
random--la610,0.7347826086956522,0.76875,0.775,0.785,0.7473684210526316,0.7380952380952381,0.744,0.7478260869565218,0.7608695652173914,0.7294117647058824,0.7611111111111111,0.7666666666666666,0.792,0.7571428571428571,0.7833333333333333,0.775,0.8238095238095238,1.0,0.7583333333333333,0.7722222222222223,0.7705882352941177,0.8066666666666666,0.8133333333333334,0.8181818181818181,0.7933333333333333,0.78,0.8111111111111111,0.7454545454545455,0.748,0.7157894736842105
random--la616,0.7521739130434782,0.76875,0.7625,0.765,0.7631578947368421,0.7761904761904762,0.7375,0.7652173913043478,0.7434782608695651,0.7764705882352941,0.7722222222222223,0.7619047619047619,0.775,0.7619047619047619,0.7708333333333334,0.75,0.7666666666666666,0.7583333333333333,1.0,0.8055555555555556,0.7588235294117647,0.8200000000000001,0.7866666666666666,0.7318181818181818,0.76,0.8200000000000001,0.7388888888888889,0.75,0.7916666666666666,0.7263157894736842
random--la619,0.7888888888888889,0.73125,0.7666666666666666,0.7666666666666666,0.7888888888888889,0.7277777777777779,0.8444444444444444,0.8111111111111111,0.7333333333333334,0.8705882352941177,0.7888888888888889,0.75,0.8388888888888889,0.8055555555555556,0.8,0.7444444444444445,0.7833333333333333,0.7722222222222223,0.8055555555555556,1.0,0.7941176470588236,0.7333333333333334,0.8133333333333334,0.7,0.8066666666666666,0.8133333333333334,0.7611111111111111,0.7555555555555555,0.7444444444444445,0.8111111111111111
random--la627,0.8,0.7625,0.8058823529411765,0.7941176470588236,0.7588235294117647,0.7941176470588236,0.7941176470588236,0.7764705882352941,0.7764705882352941,0.8294117647058823,0.7823529411764706,0.7823529411764706,0.8235294117647058,0.7764705882352941,0.7764705882352941,0.7764705882352941,0.7176470588235294,0.7705882352941177,0.7588235294117647,0.7941176470588236,1.0,0.7333333333333334,0.7533333333333333,0.711764705882353,0.78,0.7666666666666666,0.7823529411764706,0.7411764705882353,0.7941176470588236,0.8235294117647058
random--la711,0.7666666666666666,0.7333333333333334,0.7733333333333333,0.76,0.7333333333333334,0.7466666666666666,0.7733333333333333,0.78,0.7933333333333333,0.7333333333333334,0.7066666666666667,0.78,0.7733333333333333,0.7066666666666667,0.7466666666666666,0.8066666666666666,0.8,0.8066666666666666,0.8200000000000001,0.7333333333333334,0.7333333333333334,1.0,0.72,0.8066666666666666,0.7733333333333333,0.7333333333333334,0.7666666666666666,0.7466666666666666,0.7866666666666666,0.7333333333333334
random--la714,0.76,0.7533333333333333,0.7866666666666666,0.8,0.7333333333333334,0.8,0.8,0.8066666666666666,0.8066666666666666,0.7866666666666666,0.7466666666666666,0.8066666666666666,0.8,0.8133333333333334,0.8133333333333334,0.7933333333333333,0.7866666666666666,0.8133333333333334,0.7866666666666666,0.8133333333333334,0.7533333333333333,0.72,1.0,0.7866666666666666,0.84,0.8266666666666667,0.7933333333333333,0.7,0.8133333333333334,0.8066666666666666
random--la84,0.7681818181818182,0.70625,0.7363636363636363,0.7150000000000001,0.7,0.7095238095238094,0.7090909090909091,0.7727272727272727,0.7136363636363636,0.7058823529411764,0.7444444444444445,0.7142857142857143,0.7272727272727273,0.6857142857142857,0.7227272727272727,0.71,0.7476190476190476,0.8181818181818181,0.7318181818181818,0.7,0.711764705882353,0.8066666666666666,0.7866666666666666,1.0,0.7333333333333334,0.7466666666666666,0.7222222222222222,0.7727272727272727,0.7318181818181818,0.7473684210526316
random--la811,0.76,0.7533333333333333,0.8066666666666666,0.8333333333333334,0.74,0.76,0.7666666666666666,0.7866666666666666,0.78,0.78,0.7733333333333333,0.7733333333333333,0.8533333333333333,0.7666666666666666,0.8266666666666667,0.7333333333333334,0.72,0.7933333333333333,0.76,0.8066666666666666,0.78,0.7733333333333333,0.84,0.7333333333333334,1.0,0.7733333333333333,0.7533333333333333,0.7533333333333333,0.76,0.7933333333333333
random--la813,0.8133333333333334,0.76,0.78,0.7866666666666666,0.76,0.8266666666666667,0.8933333333333333,0.84,0.7733333333333333,0.7066666666666667,0.78,0.7533333333333333,0.78,0.8066666666666666,0.78,0.7666666666666666,0.8133333333333334,0.78,0.8200000000000001,0.8133333333333334,0.7666666666666666,0.7333333333333334,0.8266666666666667,0.7466666666666666,0.7733333333333333,1.0,0.7933333333333333,0.76,0.78,0.76
random--la814,0.7833333333333333,0.75625,0.8111111111111111,0.7666666666666666,0.7666666666666666,0.7555555555555555,0.7388888888888889,0.7833333333333333,0.7555555555555555,0.7529411764705882,0.7944444444444445,0.8444444444444444,0.8111111111111111,0.7777777777777778,0.8055555555555556,0.7166666666666667,0.7611111111111111,0.8111111111111111,0.7388888888888889,0.7611111111111111,0.7823529411764706,0.7666666666666666,0.7933333333333333,0.7222222222222222,0.7533333333333333,0.7933333333333333,1.0,0.7111111111111111,0.7555555555555555,0.7666666666666666
random--la822,0.6727272727272727,0.7875,0.759090909090909,0.76,0.7473684210526316,0.7476190476190476,0.7545454545454545,0.7227272727272727,0.7,0.8,0.7666666666666666,0.7428571428571429,0.759090909090909,0.680952380952381,0.7545454545454545,0.7050000000000001,0.6952380952380952,0.7454545454545455,0.75,0.7555555555555555,0.7411764705882353,0.7466666666666666,0.7,0.7727272727272727,0.7533333333333333,0.76,0.7111111111111111,1.0,0.7636363636363637,0.7315789473684211
random--la921,0.7391304347826086,0.7375,0.8,0.8,0.7842105263157895,0.8047619047619048,0.7230769230769231,0.7652173913043478,0.8043478260869565,0.711764705882353,0.8055555555555556,0.7571428571428571,0.7653846153846153,0.7380952380952381,0.7708333333333334,0.81,0.7571428571428571,0.748,0.7916666666666666,0.7444444444444445,0.7941176470588236,0.7866666666666666,0.8133333333333334,0.7318181818181818,0.76,0.78,0.7555555555555555,0.7636363636363637,1.0,0.7263157894736842
random--la922,0.8,0.825,0.7473684210526316,0.7578947368421053,0.7473684210526316,0.736842105263158,0.7578947368421053,0.8,0.7736842105263158,0.7647058823529411,0.7555555555555555,0.7473684210526316,0.7736842105263158,0.7631578947368421,0.7421052631578947,0.7157894736842105,0.7315789473684211,0.7157894736842105,0.7263157894736842,0.8111111111111111,0.8235294117647058,0.7333333333333334,0.8066666666666666,0.7473684210526316,0.7933333333333333,0.76,0.7666666666666666,0.7315789473684211,0.7263157894736842,1.0
