road,random--la18,random--la109,random--la219,random--la222,random--la31,random--la310,random--la311,random--la322,random--la44,random--la46,random--la412,random--la53,random--la57,random--la511,random--la520,random--la610,random--la616,random--la617,random--la626,random--la627,random--la75,random--la711,random--la84,random--la85,random--la811,random--la814,random--la816,random--la822,random--la912,random--la921
random--la18,1.0,0.7210526315789474,0.74,0.8,0.7333333333333334,0.7739130434782608,0.7695652173913043,0.7304347826086957,0.73125,0.7705882352941177,0.7952380952380953,0.7727272727272727,0.7521739130434782,0.7608695652173914,0.76,0.7347826086956522,0.7521739130434782,0.7272727272727273,0.78125,0.8,0.7727272727272727,0.7666666666666666,0.7681818181818182,0.6894736842105262,0.76,0.7833333333333333,0.7130434782608696,0.6727272727272727,0.8200000000000001,0.7391304347826086
random--la109,0.7210526315789474,1.0,0.7789473684210526,0.7842105263157895,0.7315789473684211,0.7473684210526316,0.7736842105263158,0.736842105263158,0.75,0.7294117647058824,0.7684210526315789,0.7526315789473684,0.7684210526315789,0.7421052631578947,0.7263157894736842,0.7894736842105263,0.7263157894736842,0.6947368421052631,0.75,0.7941176470588236,0.7736842105263158,0.7933333333333333,0.7157894736842105,0.7105263157894737,0.7533333333333333,0.8888888888888888,0.8,0.7052631578947368,0.7421052631578947,0.7473684210526316
random--la219,0.74,0.7789473684210526,1.0,0.7421052631578947,0.795,0.765,0.775,0.775,0.8375,0.7588235294117647,0.8,0.78,0.8,0.8049999999999999,0.74,0.785,0.765,0.745,0.78125,0.7941176470588236,0.75,0.76,0.7150000000000001,0.7631578947368421,0.8333333333333334,0.7666666666666666,0.785,0.76,0.74,0.8
random--la222,0.8,0.7842105263157895,0.7421052631578947,1.0,0.7526315789473684,0.736842105263158,0.7736842105263158,0.7421052631578947,0.7625,0.7235294117647059,0.7315789473684211,0.7315789473684211,0.8052631578947369,0.7631578947368421,0.7210526315789474,0.7473684210526316,0.7631578947368421,0.7526315789473684,0.75625,0.7588235294117647,0.7578947368421053,0.7333333333333334,0.7,0.6947368421052631,0.74,0.7666666666666666,0.7473684210526316,0.7473684210526316,0.736842105263158,0.7842105263157895
random--la31,0.7333333333333334,0.7315789473684211,0.795,0.7526315789473684,1.0,0.7523809523809524,0.7285714285714286,0.7380952380952381,0.76875,0.7411764705882353,0.7476190476190476,0.7523809523809524,0.7619047619047619,0.7571428571428571,0.74,0.7380952380952381,0.7761904761904762,0.7904761904761904,0.7625,0.7941176470588236,0.780952380952381,0.7466666666666666,0.7095238095238094,0.7421052631578947,0.76,0.7555555555555555,0.8,0.7476190476190476,0.74,0.8047619047619048
random--la310,0.7739130434782608,0.7473684210526316,0.765,0.736842105263158,0.7523809523809524,1.0,0.7608695652173914,0.7,0.78125,0.7705882352941177,0.7428571428571429,0.75,0.7461538461538462,0.775,0.78,0.744,0.7375,0.7363636363636363,0.78125,0.7941176470588236,0.740909090909091,0.7733333333333333,0.7090909090909091,0.7052631578947368,0.7666666666666666,0.7388888888888889,0.7304347826086957,0.7545454545454545,0.785,0.7230769230769231
random--la311,0.7695652173913043,0.7736842105263158,0.775,0.7736842105263158,0.7285714285714286,0.7608695652173914,1.0,0.7521739130434782,0.7875,0.7411764705882353,0.7476190476190476,0.7863636363636364,0.8,0.8217391304347826,0.725,0.7478260869565218,0.7652173913043478,0.7272727272727273,0.7875,0.7764705882352941,0.8136363636363636,0.78,0.7727272727272727,0.7473684210526316,0.7866666666666666,0.7833333333333333,0.7521739130434782,0.7227272727272727,0.76,0.7652173913043478
random--la322,0.7304347826086957,0.736842105263158,0.775,0.7421052631578947,0.7380952380952381,0.7,0.7521739130434782,1.0,0.78125,0.7705882352941177,0.7238095238095238,0.7954545454545454,0.7130434782608696,0.7695652173913043,0.725,0.7608695652173914,0.7434782608695651,0.7818181818181819,0.71875,0.7764705882352941,0.740909090909091,0.7933333333333333,0.7136363636363636,0.7473684210526316,0.78,0.7555555555555555,0.7043478260869565,0.7,0.755,0.8043478260869565
random--la44,0.73125,0.75,0.8375,0.7625,0.76875,0.78125,0.7875,0.78125,1.0,0.725,0.80625,0.81875,0.79375,0.8,0.7625,0.8125,0.825,0.75,0.7375,0.76875,0.775,0.78,0.78125,0.8625,0.78,0.775,0.85,0.725,0.78125,0.80625
random--la46,0.7705882352941177,0.7294117647058824,0.7588235294117647,0.7235294117647059,0.7411764705882353,0.7705882352941177,0.7411764705882353,0.7705882352941177,0.725,1.0,0.7176470588235294,0.7176470588235294,0.7941176470588236,0.7529411764705882,0.7176470588235294,0.7294117647058824,0.7764705882352941,0.7529411764705882,0.7,0.8294117647058823,0.7705882352941177,0.7333333333333334,0.7058823529411764,0.7411764705882353,0.78,0.7529411764705882,0.7764705882352941,0.8,0.7470588235294118,0.711764705882353
random--la412,0.7952380952380953,0.7684210526315789,0.8,0.7315789473684211,0.7476190476190476,0.7428571428571429,0.7476190476190476,0.7238095238095238,0.80625,0.7176470588235294,1.0,0.7666666666666666,0.7761904761904762,0.8142857142857143,0.73,0.7666666666666666,0.7619047619047619,0.7333333333333334,0.76875,0.7823529411764706,0.7714285714285715,0.78,0.7142857142857143,0.7631578947368421,0.7733333333333333,0.8444444444444444,0.780952380952381,0.7428571428571429,0.8049999999999999,0.7571428571428571
random--la53,0.7727272727272727,0.7526315789473684,0.78,0.7315789473684211,0.7523809523809524,0.75,0.7863636363636364,0.7954545454545454,0.81875,0.7176470588235294,0.7666666666666666,1.0,0.7818181818181819,0.7772727272727273,0.765,0.7863636363636364,0.7545454545454545,0.7545454545454545,0.80625,0.7705882352941177,0.7636363636363637,0.7666666666666666,0.7681818181818182,0.7684210526315789,0.7533333333333333,0.7555555555555555,0.7454545454545455,0.75,0.79,0.75
random--la57,0.7521739130434782,0.7684210526315789,0.8,0.8052631578947369,0.7619047619047619,0.7461538461538462,0.8,0.7130434782608696,0.79375,0.7941176470588236,0.7761904761904762,0.7818181818181819,1.0,0.7916666666666666,0.78,0.792,0.775,0.7636363636363637,0.7625,0.8235294117647058,0.7909090909090909,0.7733333333333333,0.7272727272727273,0.7421052631578947,0.8533333333333333,0.8111111111111111,0.8130434782608695,0.759090909090909,0.8200000000000001,0.7653846153846153
random--la511,0.7608695652173914,0.7421052631578947,0.8049999999999999,0.7631578947368421,0.7571428571428571,0.775,0.8217391304347826,0.7695652173913043,0.8,0.7529411764705882,0.8142857142857143,0.7772727272727273,0.7916666666666666,1.0,0.76,0.7833333333333333,0.7708333333333334,0.75,0.825,0.7764705882352941,0.75,0.7466666666666666,0.7227272727272727,0.7315789473684211,0.8266666666666667,0.8055555555555556,0.7608695652173914,0.7545454545454545,0.79,0.7708333333333334
random--la520,0.76,0.7263157894736842,0.74,0.7210526315789474,0.74,0.78,0.725,0.725,0.7625,0.7176470588235294,0.73,0.765,0.78,0.76,1.0,0.775,0.75,0.725,0.83125,0.7764705882352941,0.825,0.8066666666666666,0.71,0.8210526315789474,0.7333333333333334,0.7166666666666667,0.74,0.7050000000000001,0.72,0.81
random--la610,0.7347826086956522,0.7894736842105263,0.785,0.7473684210526316,0.7380952380952381,0.744,0.7478260869565218,0.7608695652173914,0.8125,0.7294117647058824,0.7666666666666666,0.7863636363636364,0.792,0.7833333333333333,0.775,1.0,0.7583333333333333,0.740909090909091,0.775,0.7705882352941177,0.7363636363636363,0.8066666666666666,0.8181818181818181,0.8210526315789474,0.7933333333333333,0.8111111111111111,0.782608695652174,0.7454545454545455,0.74,0.748
random--la616,0.7521739130434782,0.7263157894736842,0.765,0.7631578947368421,0.7761904761904762,0.7375,0.7652173913043478,0.7434782608695651,0.825,0.7764705882352941,0.7619047619047619,0.7545454545454545,0.775,0.7708333333333334,0.75,0.7583333333333333,1.0,0.7454545454545455,0.81875,0.7588235294117647,0.7454545454545455,0.8200000000000001,0.7318181818181818,0.7631578947368421,0.76,0.7388888888888889,0.7782608695652173,0.75,0.785,0.7916666666666666
random--la617,0.7272727272727273,0.6947368421052631,0.745,0.7526315789473684,0.7904761904761904,0.7363636363636363,0.7272727272727273,0.7818181818181819,0.75,0.7529411764705882,0.7333333333333334,0.7545454545454545,0.7636363636363637,0.75,0.725,0.740909090909091,0.7454545454545455,1.0,0.79375,0.7705882352941177,0.7090909090909091,0.6799999999999999,0.6863636363636363,0.7,0.6799999999999999,0.7,0.7318181818181818,0.7681818181818182,0.785,0.7727272727272727
random--la626,0.78125,0.75,0.78125,0.75625,0.7625,0.78125,0.7875,0.71875,0.7375,0.7,0.76875,0.80625,0.7625,0.825,0.83125,0.775,0.81875,0.79375,1.0,0.75625,0.86875,0.7933333333333333,0.79375,0.7375,0.7133333333333334,0.74375,0.75625,0.73125,0.7875,0.8
random--la627,0.8,0.7941176470588236,0.7941176470588236,0.7588235294117647,0.7941176470588236,0.7941176470588236,0.7764705882352941,0.7764705882352941,0.76875,0.8294117647058823,0.7823529411764706,0.7705882352941177,0.8235294117647058,0.7764705882352941,0.7764705882352941,0.7705882352941177,0.7588235294117647,0.7705882352941177,0.75625,1.0,0.7941176470588236,0.7333333333333334,0.711764705882353,0.7294117647058824,0.78,0.7823529411764706,0.788235294117647,0.7411764705882353,0.7647058823529411,0.7941176470588236
random--la75,0.7727272727272727,0.7736842105263158,0.75,0.7578947368421053,0.780952380952381,0.740909090909091,0.8136363636363636,0.740909090909091,0.775,0.7705882352941177,0.7714285714285715,0.7636363636363637,0.7909090909090909,0.75,0.825,0.7363636363636363,0.7454545454545455,0.7090909090909091,0.86875,0.7941176470588236,1.0,0.8200000000000001,0.7318181818181818,0.7526315789473684,0.78,0.8166666666666667,0.740909090909091,0.7136363636363636,0.75,0.7727272727272727
random--la711,0.7666666666666666,0.7933333333333333,0.76,0.7333333333333334,0.7466666666666666,0.7733333333333333,0.78,0.7933333333333333,0.78,0.7333333333333334,0.78,0.7666666666666666,0.7733333333333333,0.7466666666666666,0.8066666666666666,0.8066666666666666,0.8200000000000001,0.6799999999999999,0.7933333333333333,0.7333333333333334,0.8200000000000001,1.0,0.8066666666666666,0.7466666666666666,0.7733333333333333,0.7666666666666666,0.7466666666666666,0.7466666666666666,0.7666666666666666,0.7866666666666666
random--la84,0.7681818181818182,0.7157894736842105,0.7150000000000001,0.7,0.7095238095238094,0.7090909090909091,0.7727272727272727,0.7136363636363636,0.78125,0.7058823529411764,0.7142857142857143,0.7681818181818182,0.7272727272727273,0.7227272727272727,0.71,0.8181818181818181,0.7318181818181818,0.6863636363636363,0.79375,0.711764705882353,0.7318181818181818,0.8066666666666666,1.0,0.8210526315789474,0.7333333333333334,0.7222222222222222,0.7090909090909091,0.7727272727272727,0.7150000000000001,0.7318181818181818
random--la85,0.6894736842105262,0.7105263157894737,0.7631578947368421,0.6947368421052631,0.7421052631578947,0.7052631578947368,0.7473684210526316,0.7473684210526316,0.8625,0.7411764705882353,0.7631578947368421,0.7684210526315789,0.7421052631578947,0.7315789473684211,0.8210526315789474,0.8210526315789474,0.7631578947368421,0.7,0.7375,0.7294117647058824,0.7526315789473684,0.7466666666666666,0.8210526315789474,1.0,0.7266666666666667,0.7555555555555555,0.7684210526315789,0.7894736842105263,0.7210526315789474,0.7894736842105263
random--la811,0.76,0.7533333333333333,0.8333333333333334,0.74,0.76,0.7666666666666666,0.7866666666666666,0.78,0.78,0.78,0.7733333333333333,0.7533333333333333,0.8533333333333333,0.8266666666666667,0.7333333333333334,0.7933333333333333,0.76,0.6799999999999999,0.7133333333333334,0.78,0.78,0.7733333333333333,0.7333333333333334,0.7266666666666667,1.0,0.7533333333333333,0.84,0.7533333333333333,0.7866666666666666,0.76
random--la814,0.7833333333333333,0.8888888888888888,0.7666666666666666,0.7666666666666666,0.7555555555555555,0.7388888888888889,0.7833333333333333,0.7555555555555555,0.775,0.7529411764705882,0.8444444444444444,0.7555555555555555,0.8111111111111111,0.8055555555555556,0.7166666666666667,0.8111111111111111,0.7388888888888889,0.7,0.74375,0.7823529411764706,0.8166666666666667,0.7666666666666666,0.7222222222222222,0.7555555555555555,0.7533333333333333,1.0,0.7611111111111111,0.7111111111111111,0.8166666666666667,0.7555555555555555
random--la816,0.7130434782608696,0.8,0.785,0.7473684210526316,0.8,0.7304347826086957,0.7521739130434782,0.7043478260869565,0.85,0.7764705882352941,0.780952380952381,0.7454545454545455,0.8130434782608695,0.7608695652173914,0.74,0.782608695652174,0.7782608695652173,0.7318181818181818,0.75625,0.788235294117647,0.740909090909091,0.7466666666666666,0.7090909090909091,0.7684210526315789,0.84,0.7611111111111111,1.0,0.75,0.76,0.782608695652174
random--la822,0.6727272727272727,0.7052631578947368,0.76,0.7473684210526316,0.7476190476190476,0.7545454545454545,0.7227272727272727,0.7,0.725,0.8,0.7428571428571429,0.75,0.759090909090909,0.7545454545454545,0.7050000000000001,0.7454545454545455,0.75,0.7681818181818182,0.73125,0.7411764705882353,0.7136363636363636,0.7466666666666666,0.7727272727272727,0.7894736842105263,0.7533333333333333,0.7111111111111111,0.75,1.0,0.7050000000000001,0.7636363636363637
random--la912,0.8200000000000001,0.7421052631578947,0.74,0.736842105263158,0.74,0.785,0.76,0.755,0.78125,0.7470588235294118,0.8049999999999999,0.79,0.8200000000000001,0.79,0.72,0.74,0.785,0.785,0.7875,0.7647058823529411,0.75,0.7666666666666666,0.7150000000000001,0.7210526315789474,0.7866666666666666,0.8166666666666667,0.76,0.7050000000000001,1.0,0.745
random--la921,0.7391304347826086,0.7473684210526316,0.8,0.7842105263157895,0.8047619047619048,0.7230769230769231,0.7652173913043478,0.8043478260869565,0.80625,0.711764705882353,0.7571428571428571,0.75,0.7653846153846153,0.7708333333333334,0.81,0.748,0.7916666666666666,0.7727272727272727,0.8,0.7941176470588236,0.7727272727272727,0.7866666666666666,0.7318181818181818,0.7894736842105263,0.76,0.7555555555555555,0.782608695652174,0.7636363636363637,0.745,1.0
